/*--------------------------------*- C++ -*----------------------------------*\ 
| =========                 |                                                 |
| \\      /  F ield         | OpenFOAM: The Open Source CFD Toolbox           |
|  \\    /   O peration     | Version:  2406                                  |
|   \\  /    A nd           | Website:  www.openfoam.com                      |
|    \\/     M anipulation  |                                                 |
\*---------------------------------------------------------------------------*/
FoamFile
{
    version     2.0;
    format      ascii;
    class       dictionary;
    object      bolsigProperties;
}
// * * * * * * * * * * * * * * * * * * * * * * * * * * * * * * * * * * * * * //

EN
(
    0.010000
    0.512462
    1.014920
    1.517390
    2.019850
    2.522310
    3.024770
    3.527240
    4.029700
    4.532160
    5.034620
    5.537090
    6.039550
    6.542010
    7.044470
    7.546930
    8.049400
    8.551860
    9.054320
    9.556780
    10.059200
    10.561700
    11.064200
    11.566600
    12.069100
    12.571600
    13.074000
    13.576500
    14.078900
    14.581400
    15.083900
    15.586300
    16.088800
    16.591300
    17.093700
    17.596200
    18.098600
    18.601100
    19.103600
    19.606000
    20.108500
    20.611000
    21.113400
    21.615900
    22.118300
    22.620800
    23.123300
    23.625700
    24.128200
    24.630700
    25.133100
    25.635600
    26.138000
    26.640500
    27.143000
    27.645400
    28.147900
    28.650400
    29.152800
    29.655300
    30.157700
    30.660200
    31.162700
    31.665100
    32.167600
    32.670000
    33.172500
    33.675000
    34.177400
    34.679900
    35.182400
    35.684800
    36.187300
    36.689700
    37.192200
    37.694700
    38.197100
    38.699600
    39.202100
    39.704500
    40.207000
    40.709400
    41.211900
    41.714400
    42.216800
    42.719300
    43.221800
    43.724200
    44.226700
    44.729100
    45.231600
    45.734100
    46.236500
    46.739000
    47.241500
    47.743900
    48.246400
    48.748800
    49.251300
    49.753800
    50.256200
    50.758700
    51.261200
    51.763600
    52.266100
    52.768500
    53.271000
    53.773500
    54.275900
    54.778400
    55.280900
    55.783300
    56.285800
    56.788200
    57.290700
    57.793200
    58.295600
    58.798100
    59.300600
    59.803000
    60.305500
    60.807900
    61.310400
    61.812900
    62.315300
    62.817800
    63.320300
    63.822700
    64.325200
    64.827600
    65.330100
    65.832600
    66.335000
    66.837500
    67.340000
    67.842400
    68.344900
    68.847300
    69.349800
    69.852300
    70.354700
    70.857200
    71.359600
    71.862100
    72.364600
    72.867000
    73.369500
    73.872000
    74.374400
    74.876900
    75.379300
    75.881800
    76.384300
    76.886700
    77.389200
    77.891700
    78.394100
    78.896600
    79.399000
    79.901500
    80.404000
    80.906400
    81.408900
    81.911400
    82.413800
    82.916300
    83.418700
    83.921200
    84.423700
    84.926100
    85.428600
    85.931100
    86.433500
    86.936000
    87.438400
    87.940900
    88.443400
    88.945800
    89.448300
    89.950800
    90.453200
    90.955700
    91.458100
    91.960600
    92.463100
    92.965500
    93.468000
    93.970500
    94.472900
    94.975400
    95.477800
    95.980300
    96.482800
    96.985200
    97.487700
    97.990200
    98.492600
    98.995100
    99.497500
    100.000000
);

He
(
    0.000000
    1.000000
);

meanEnergy
(
    5.232740e-02
    5.547510e-01
    8.981440e-01
    1.096260e+00
    1.255650e+00
    1.479940e+00
    1.864910e+00
    2.415600e+00
    3.046700e+00
    3.692140e+00
    4.312000e+00
    4.911900e+00
    5.472700e+00
    6.015010e+00
    6.547210e+00
    7.069110e+00
    7.588370e+00
    8.106450e+00
    8.636690e+00
    9.170880e+00
    9.711060e+00
    1.025540e+01
    1.081330e+01
    1.138110e+01
    1.195620e+01
    1.253810e+01
    1.312420e+01
    1.371920e+01
    1.432290e+01
    1.493280e+01
    1.554930e+01
    1.617080e+01
    1.679700e+01
    1.743280e+01
    1.807530e+01
    1.872760e+01
    1.938520e+01
    2.005580e+01
    2.073370e+01
    2.142370e+01
    2.211970e+01
    2.283030e+01
    2.355250e+01
    2.428790e+01
    2.503600e+01
    2.579760e+01
    2.657180e+01
    2.736230e+01
    2.816410e+01
    2.898170e+01
    2.981170e+01
    3.065790e+01
    3.151770e+01
    3.239080e+01
    3.327520e+01
    3.418530e+01
    3.508920e+01
    3.603160e+01
    3.696930e+01
    3.793060e+01
    3.890360e+01
    3.988470e+01
    4.088710e+01
    4.188690e+01
    4.292610e+01
    4.395640e+01
    4.500360e+01
    4.607340e+01
    4.714250e+01
    4.823790e+01
    4.933210e+01
    5.045490e+01
    5.157500e+01
    5.271560e+01
    5.388690e+01
    5.503160e+01
    5.621260e+01
    5.741490e+01
    5.861670e+01
    5.983250e+01
    6.107440e+01
    6.231150e+01
    6.358120e+01
    6.484890e+01
    6.613670e+01
    6.745800e+01
    6.875410e+01
    7.008710e+01
    7.146570e+01
    7.280750e+01
    7.417050e+01
    7.558720e+01
    7.700570e+01
    7.842410e+01
    7.986500e+01
    8.132530e+01
    8.281080e+01
    8.430400e+01
    8.581440e+01
    8.734060e+01
    8.892120e+01
    9.045400e+01
    9.203330e+01
    9.366140e+01
    9.531660e+01
    9.692470e+01
    9.854630e+01
    1.002740e+02
    1.020020e+02
    1.037020e+02
    1.054440e+02
    1.072150e+02
    1.090110e+02
    1.108120e+02
    1.126520e+02
    1.145080e+02
    1.163910e+02
    1.182790e+02
    1.202020e+02
    1.221520e+02
    1.241460e+02
    1.262010e+02
    1.281810e+02
    1.301610e+02
    1.322820e+02
    1.343730e+02
    1.365460e+02
    1.387640e+02
    1.408910e+02
    1.430490e+02
    1.452920e+02
    1.475810e+02
    1.499280e+02
    1.522920e+02
    1.546260e+02
    1.569540e+02
    1.594130e+02
    1.618940e+02
    1.643710e+02
    1.668370e+02
    1.693910e+02
    1.721390e+02
    1.746940e+02
    1.772880e+02
    1.800830e+02
    1.827840e+02
    1.855340e+02
    1.883420e+02
    1.912430e+02
    1.940920e+02
    1.970460e+02
    2.000590e+02
    2.031120e+02
    2.061720e+02
    2.091920e+02
    2.123080e+02
    2.155610e+02
    2.188120e+02
    2.221120e+02
    2.254610e+02
    2.288620e+02
    2.323150e+02
    2.358210e+02
    2.393820e+02
    2.429980e+02
    2.466720e+02
    2.504040e+02
    2.541960e+02
    2.580490e+02
    2.619640e+02
    2.659440e+02
    2.699890e+02
    2.741020e+02
    2.782830e+02
    2.825340e+02
    2.868580e+02
    2.912550e+02
    2.957270e+02
    3.002770e+02
    3.049050e+02
    3.096140e+02
    3.144060e+02
    3.192830e+02
    3.242460e+02
    3.292970e+02
    3.344390e+02
    3.396740e+02
    3.450030e+02
    3.504300e+02
    3.559550e+02
    3.615810e+02
    3.673110e+02
    3.731460e+02
    3.790890e+02
    3.851420e+02
    3.913080e+02
    3.975890e+02
    4.039870e+02
    4.105040e+02
    4.171440e+02
    4.018210e-02
    3.093670e-01
    5.698800e-01
    8.288090e-01
    1.090780e+00
    1.359660e+00
    1.638590e+00
    1.930910e+00
    2.240680e+00
    2.572240e+00
    2.929780e+00
    3.313460e+00
    3.714400e+00
    4.115050e+00
    4.495630e+00
    4.841590e+00
    5.146460e+00
    5.409760e+00
    5.636290e+00
    5.831370e+00
    6.000540e+00
    6.146730e+00
    6.276230e+00
    6.392520e+00
    6.495170e+00
    6.590480e+00
    6.676120e+00
    6.756200e+00
    6.831330e+00
    6.900560e+00
    6.967700e+00
    7.029360e+00
    7.090080e+00
    7.147850e+00
    7.201880e+00
    7.255750e+00
    7.307520e+00
    7.357090e+00
    7.406940e+00
    7.454300e+00
    7.500880e+00
    7.546170e+00
    7.591550e+00
    7.636320e+00
    7.679070e+00
    7.722190e+00
    7.763990e+00
    7.805550e+00
    7.846900e+00
    7.888220e+00
    7.928290e+00
    7.969110e+00
    8.009140e+00
    8.048100e+00
    8.086980e+00
    8.126190e+00
    8.164660e+00
    8.203120e+00
    8.241590e+00
    8.280360e+00
    8.318610e+00
    8.356180e+00
    8.394130e+00
    8.431300e+00
    8.468460e+00
    8.505620e+00
    8.542850e+00
    8.580170e+00
    8.617950e+00
    8.654350e+00
    8.691930e+00
    8.728800e+00
    8.765260e+00
    8.801760e+00
    8.838390e+00
    8.875080e+00
    8.911800e+00
    8.948970e+00
    8.985840e+00
    9.022150e+00
    9.058810e+00
    9.095190e+00
    9.131490e+00
    9.167880e+00
    9.204300e+00
    9.240760e+00
    9.277280e+00
    9.313960e+00
    9.350920e+00
    9.387310e+00
    9.423620e+00
    9.459950e+00
    9.496340e+00
    9.532790e+00
    9.569270e+00
    9.605940e+00
    9.642370e+00
    9.678960e+00
    9.715590e+00
    9.752590e+00
    9.789370e+00
    9.825850e+00
    9.862400e+00
    9.899020e+00
    9.935700e+00
    9.972460e+00
    1.000920e+01
    1.004590e+01
    1.008280e+01
    1.011980e+01
    1.015670e+01
    1.019350e+01
    1.023030e+01
    1.026710e+01
    1.030410e+01
    1.034110e+01
    1.037820e+01
    1.041540e+01
    1.045260e+01
    1.048970e+01
    1.052680e+01
    1.056400e+01
    1.060130e+01
    1.063880e+01
    1.067620e+01
    1.071360e+01
    1.075100e+01
    1.078840e+01
    1.082600e+01
    1.086360e+01
    1.090120e+01
    1.093880e+01
    1.097630e+01
    1.101390e+01
    1.105170e+01
    1.108960e+01
    1.112740e+01
    1.116530e+01
    1.120330e+01
    1.124140e+01
    1.127930e+01
    1.131730e+01
    1.135540e+01
    1.139350e+01
    1.143170e+01
    1.147000e+01
    1.150850e+01
    1.154700e+01
    1.158560e+01
    1.162390e+01
    1.166190e+01
    1.170040e+01
    1.173900e+01
    1.177770e+01
    1.181650e+01
    1.185530e+01
    1.189430e+01
    1.193340e+01
    1.197230e+01
    1.201130e+01
    1.205020e+01
    1.208920e+01
    1.212830e+01
    1.216740e+01
    1.220660e+01
    1.224590e+01
    1.228530e+01
    1.232450e+01
    1.236380e+01
    1.240320e+01
    1.244270e+01
    1.248230e+01
    1.252210e+01
    1.256200e+01
    1.260190e+01
    1.264180e+01
    1.268190e+01
    1.272190e+01
    1.276190e+01
    1.280200e+01
    1.284230e+01
    1.288260e+01
    1.292300e+01
    1.296310e+01
    1.300330e+01
    1.304380e+01
    1.308430e+01
    1.312480e+01
    1.316530e+01
    1.320580e+01
    1.324630e+01
    1.328700e+01
    1.332780e+01
    1.336880e+01
    1.340980e+01
    1.345090e+01
    1.349210e+01
    1.353350e+01
    1.357500e+01
    1.361590e+01
);

electronMobility
(
    1.070685e+00
    1.422734e-01
    8.909454e-02
    6.349028e-02
    5.075478e-02
    4.519089e-02
    4.379941e-02
    4.392940e-02
    4.395802e-02
    4.343314e-02
    4.243899e-02
    4.126376e-02
    3.994961e-02
    3.867034e-02
    3.746547e-02
    3.634087e-02
    3.530797e-02
    3.436324e-02
    3.351805e-02
    3.274235e-02
    3.203043e-02
    3.137286e-02
    3.077237e-02
    3.021978e-02
    2.970325e-02
    2.921946e-02
    2.876183e-02
    2.833298e-02
    2.792931e-02
    2.754649e-02
    2.718296e-02
    2.683689e-02
    2.650709e-02
    2.619458e-02
    2.589740e-02
    2.561603e-02
    2.534681e-02
    2.509337e-02
    2.485047e-02
    2.462168e-02
    2.440184e-02
    2.419504e-02
    2.399854e-02
    2.381213e-02
    2.363554e-02
    2.346811e-02
    2.330827e-02
    2.315768e-02
    2.301322e-02
    2.287722e-02
    2.274657e-02
    2.262218e-02
    2.250388e-02
    2.239028e-02
    2.228032e-02
    2.217931e-02
    2.207552e-02
    2.198371e-02
    2.188928e-02
    2.180172e-02
    2.171665e-02
    2.163310e-02
    2.155474e-02
    2.147433e-02
    2.140332e-02
    2.132934e-02
    2.125862e-02
    2.119211e-02
    2.112425e-02
    2.106134e-02
    2.099733e-02
    2.093846e-02
    2.087788e-02
    2.082057e-02
    2.076821e-02
    2.070995e-02
    2.065755e-02
    2.060776e-02
    2.055691e-02
    2.050765e-02
    2.046191e-02
    2.041445e-02
    2.037116e-02
    2.032668e-02
    2.028450e-02
    2.024619e-02
    2.020323e-02
    2.016473e-02
    2.013161e-02
    2.009254e-02
    2.005550e-02
    2.002435e-02
    1.999238e-02
    1.995952e-02
    1.992861e-02
    1.989873e-02
    1.987110e-02
    1.984355e-02
    1.981706e-02
    1.979122e-02
    1.977025e-02
    1.974319e-02
    1.972014e-02
    1.970105e-02
    1.968363e-02
    1.966091e-02
    1.963834e-02
    1.962489e-02
    1.961018e-02
    1.959096e-02
    1.957539e-02
    1.956137e-02
    1.954898e-02
    1.953566e-02
    1.952486e-02
    1.951403e-02
    1.950426e-02
    1.949404e-02
    1.948558e-02
    1.947802e-02
    1.947262e-02
    1.947099e-02
    1.946265e-02
    1.945325e-02
    1.945300e-02
    1.944916e-02
    1.944981e-02
    1.945263e-02
    1.944810e-02
    1.944450e-02
    1.944560e-02
    1.944830e-02
    1.945341e-02
    1.945823e-02
    1.946040e-02
    1.946093e-02
    1.946837e-02
    1.947552e-02
    1.948035e-02
    1.948407e-02
    1.949183e-02
    1.950933e-02
    1.951448e-02
    1.952049e-02
    1.953598e-02
    1.954551e-02
    1.955626e-02
    1.956856e-02
    1.958430e-02
    1.959616e-02
    1.961177e-02
    1.962902e-02
    1.964664e-02
    1.966332e-02
    1.967664e-02
    1.969328e-02
    1.971499e-02
    1.973502e-02
    1.975574e-02
    1.977720e-02
    1.979940e-02
    1.982233e-02
    1.984596e-02
    1.987036e-02
    1.989550e-02
    1.992142e-02
    1.994807e-02
    1.997550e-02
    2.000371e-02
    2.003269e-02
    2.006249e-02
    2.009307e-02
    2.012442e-02
    2.015663e-02
    2.018966e-02
    2.022347e-02
    2.025817e-02
    2.029370e-02
    2.033008e-02
    2.036728e-02
    2.040537e-02
    2.044437e-02
    2.048419e-02
    2.052494e-02
    2.056655e-02
    2.060911e-02
    2.065252e-02
    2.069687e-02
    2.074213e-02
    2.078832e-02
    2.083545e-02
    2.088352e-02
    2.093249e-02
    2.098245e-02
    2.103334e-02
    2.108517e-02
    2.113795e-02
    2.119170e-02
    2.124639e-02
    2.130207e-02
    9.779539e-01
    2.760421e-01
    1.958512e-01
    1.600691e-01
    1.390248e-01
    1.250041e-01
    1.149686e-01
    1.074777e-01
    1.017450e-01
    9.729464e-02
    9.384659e-02
    9.123000e-02
    8.933163e-02
    8.804929e-02
    8.726444e-02
    8.685116e-02
    8.669215e-02
    8.669583e-02
    8.679557e-02
    8.695172e-02
    8.713608e-02
    8.733025e-02
    8.752442e-02
    8.772064e-02
    8.790867e-02
    8.808813e-02
    8.826881e-02
    8.843355e-02
    8.860278e-02
    8.875485e-02
    8.891386e-02
    8.905530e-02
    8.920736e-02
    8.934185e-02
    8.947879e-02
    8.962595e-02
    8.974818e-02
    8.988307e-02
    9.001715e-02
    9.013733e-02
    9.026283e-02
    9.039200e-02
    9.052772e-02
    9.063891e-02
    9.076195e-02
    9.087968e-02
    9.100231e-02
    9.112821e-02
    9.125657e-02
    9.138043e-02
    9.149571e-02
    9.161466e-02
    9.172340e-02
    9.184317e-02
    9.196294e-02
    9.207617e-02
    9.219840e-02
    9.232389e-02
    9.245184e-02
    9.256916e-02
    9.267340e-02
    9.280298e-02
    9.290845e-02
    9.302658e-02
    9.314799e-02
    9.327185e-02
    9.339898e-02
    9.352407e-02
    9.362667e-02
    9.376402e-02
    9.387194e-02
    9.398026e-02
    9.410085e-02
    9.422267e-02
    9.434448e-02
    9.447080e-02
    9.460120e-02
    9.471893e-02
    9.482684e-02
    9.495029e-02
    9.507129e-02
    9.518493e-02
    9.530757e-02
    9.543470e-02
    9.556346e-02
    9.569182e-02
    9.582426e-02
    9.595180e-02
    9.605522e-02
    9.617336e-02
    9.629763e-02
    9.642108e-02
    9.654780e-02
    9.667861e-02
    9.681351e-02
    9.692674e-02
    9.706123e-02
    9.719245e-02
    9.732080e-02
    9.743403e-02
    9.754277e-02
    9.767031e-02
    9.780071e-02
    9.793601e-02
    9.807296e-02
    9.819968e-02
    9.832844e-02
    9.845884e-02
    9.858434e-02
    9.869593e-02
    9.882184e-02
    9.895633e-02
    9.908509e-02
    9.920854e-02
    9.933567e-02
    9.946730e-02
    9.960383e-02
    9.974527e-02
    9.985605e-02
    9.999094e-02
    1.001320e-01
    1.002701e-01
    1.003997e-01
    1.005130e-01
    1.006356e-01
    1.007603e-01
    1.008894e-01
    1.010231e-01
    1.011617e-01
    1.013019e-01
    1.014376e-01
    1.015733e-01
    1.017090e-01
    1.018488e-01
    1.019625e-01
    1.020733e-01
    1.022020e-01
    1.023353e-01
    1.024726e-01
    1.026055e-01
    1.027359e-01
    1.028692e-01
    1.030036e-01
    1.031414e-01
    1.032841e-01
    1.034247e-01
    1.035690e-01
    1.036916e-01
    1.038122e-01
    1.039344e-01
    1.040881e-01
    1.042234e-01
    1.043408e-01
    1.044511e-01
    1.045770e-01
    1.047123e-01
    1.048517e-01
    1.049928e-01
    1.051281e-01
    1.052679e-01
    1.054077e-01
    1.055405e-01
    1.056685e-01
    1.057968e-01
    1.059309e-01
    1.060711e-01
    1.062138e-01
    1.063278e-01
    1.064394e-01
    1.065702e-01
    1.067039e-01
    1.068396e-01
    1.069802e-01
    1.071250e-01
    1.072517e-01
    1.073788e-01
    1.075100e-01
    1.076433e-01
    1.077745e-01
    1.079094e-01
    1.080504e-01
    1.081955e-01
    1.083423e-01
    1.084633e-01
    1.085822e-01
    1.087155e-01
    1.088529e-01
    1.089808e-01
    1.091022e-01
    1.092187e-01
    1.093393e-01
    1.094648e-01
    1.095952e-01
    1.097289e-01
    1.098625e-01
    1.099991e-01
    1.101409e-01
    1.102877e-01
    1.104385e-01
    1.105231e-01
);

electronDiffusivity
(
    4.659954e-02
    6.584566e-02
    7.457881e-02
    7.522713e-02
    7.424484e-02
    7.541027e-02
    8.213999e-02
    9.511176e-02
    1.105489e-01
    1.263106e-01
    1.406832e-01
    1.538729e-01
    1.652132e-01
    1.753844e-01
    1.847954e-01
    1.934198e-01
    2.016109e-01
    2.093515e-01
    2.171980e-01
    2.248704e-01
    2.324369e-01
    2.398018e-01
    2.474166e-01
    2.550019e-01
    2.626109e-01
    2.702391e-01
    2.777798e-01
    2.853888e-01
    2.930906e-01
    3.008100e-01
    3.085531e-01
    3.162545e-01
    3.239031e-01
    3.316981e-01
    3.394519e-01
    3.473458e-01
    3.552009e-01
    3.632387e-01
    3.713219e-01
    3.795392e-01
    3.877515e-01
    3.961466e-01
    4.047011e-01
    4.134265e-01
    4.222357e-01
    4.312615e-01
    4.404386e-01
    4.498528e-01
    4.593691e-01
    4.690449e-01
    4.788924e-01
    4.890219e-01
    4.992700e-01
    5.096530e-01
    5.202036e-01
    5.311548e-01
    5.418688e-01
    5.532860e-01
    5.645111e-01
    5.760918e-01
    5.877910e-01
    5.995434e-01
    6.116147e-01
    6.235469e-01
    6.361945e-01
    6.485029e-01
    6.610278e-01
    6.739330e-01
    6.866705e-01
    6.998986e-01
    7.129632e-01
    7.265101e-01
    7.399017e-01
    7.535876e-01
    7.677845e-01
    7.812905e-01
    7.954670e-01
    8.099950e-01
    8.244044e-01
    8.389569e-01
    8.539223e-01
    8.686711e-01
    8.839798e-01
    8.991087e-01
    9.145238e-01
    9.305274e-01
    9.458934e-01
    9.619012e-01
    9.787184e-01
    9.946485e-01
    1.010918e+00
    1.028181e+00
    1.045374e+00
    1.062432e+00
    1.079797e+00
    1.097428e+00
    1.115488e+00
    1.133556e+00
    1.151840e+00
    1.170358e+00
    1.189877e+00
    1.208293e+00
    1.227546e+00
    1.247674e+00
    1.268207e+00
    1.287604e+00
    1.307201e+00
    1.328805e+00
    1.350388e+00
    1.371342e+00
    1.392913e+00
    1.415012e+00
    1.437380e+00
    1.459773e+00
    1.482812e+00
    1.506116e+00
    1.529838e+00
    1.553518e+00
    1.577796e+00
    1.602519e+00
    1.627965e+00
    1.654491e+00
    1.679398e+00
    1.704190e+00
    1.731676e+00
    1.758562e+00
    1.786988e+00
    1.816110e+00
    1.843298e+00
    1.871017e+00
    1.900302e+00
    1.930416e+00
    1.961598e+00
    1.993033e+00
    2.023696e+00
    2.054141e+00
    2.087085e+00
    2.120421e+00
    2.153937e+00
    2.186827e+00
    2.221332e+00
    2.259581e+00
    2.294009e+00
    2.329135e+00
    2.368202e+00
    2.405184e+00
    2.443148e+00
    2.482247e+00
    2.523133e+00
    2.562838e+00
    2.604603e+00
    2.647414e+00
    2.691125e+00
    2.734905e+00
    2.777868e+00
    2.822580e+00
    2.869904e+00
    2.917159e+00
    2.965366e+00
    3.014555e+00
    3.064757e+00
    3.116001e+00
    3.168317e+00
    3.221744e+00
    3.276308e+00
    3.332049e+00
    3.389004e+00
    3.447206e+00
    3.506700e+00
    3.567522e+00
    3.629709e+00
    3.693311e+00
    3.758373e+00
    3.824930e+00
    3.893036e+00
    3.962741e+00
    4.034090e+00
    4.107122e+00
    4.181929e+00
    4.258534e+00
    4.336978e+00
    4.417344e+00
    4.499672e+00
    4.584044e+00
    4.670501e+00
    4.759124e+00
    4.849955e+00
    4.943074e+00
    5.038565e+00
    5.136468e+00
    5.236823e+00
    5.339794e+00
    5.445382e+00
    5.553667e+00
    5.664773e+00
    5.778700e+00
    5.895611e+00
    6.015546e+00
    6.138548e+00
    6.264779e+00
    2.671217e-02
    6.672331e-02
    8.705392e-02
    1.030073e-01
    1.170149e-01
    1.301649e-01
    1.430394e-01
    1.560823e-01
    1.696836e-01
    1.842280e-01
    2.001033e-01
    2.175152e-01
    2.362050e-01
    2.554029e-01
    2.741196e-01
    2.915418e-01
    3.072287e-01
    3.210470e-01
    3.331514e-01
    3.437620e-01
    3.531116e-01
    3.613133e-01
    3.686795e-01
    3.753941e-01
    3.814015e-01
    3.870304e-01
    3.921725e-01
    3.970202e-01
    4.016271e-01
    4.059095e-01
    4.101154e-01
    4.139988e-01
    4.178822e-01
    4.215816e-01
    4.250971e-01
    4.286494e-01
    4.320382e-01
    4.353534e-01
    4.386931e-01
    4.418775e-01
    4.450496e-01
    4.481727e-01
    4.513285e-01
    4.543902e-01
    4.573947e-01
    4.604033e-01
    4.633752e-01
    4.663552e-01
    4.693392e-01
    4.723152e-01
    4.752093e-01
    4.781607e-01
    4.810426e-01
    4.839245e-01
    4.868064e-01
    4.896923e-01
    4.925824e-01
    4.954929e-01
    4.984198e-01
    5.013262e-01
    5.041590e-01
    5.070818e-01
    5.099269e-01
    5.127924e-01
    5.156825e-01
    5.185807e-01
    5.215076e-01
    5.244344e-01
    5.273000e-01
    5.302881e-01
    5.331741e-01
    5.360397e-01
    5.389502e-01
    5.418811e-01
    5.448243e-01
    5.477961e-01
    5.508007e-01
    5.537684e-01
    5.566871e-01
    5.596712e-01
    5.626634e-01
    5.656148e-01
    5.686111e-01
    5.716443e-01
    5.746979e-01
    5.777555e-01
    5.808459e-01
    5.839240e-01
    5.868958e-01
    5.899290e-01
    5.929989e-01
    5.960770e-01
    5.991837e-01
    6.023190e-01
    6.054912e-01
    6.085897e-01
    6.117741e-01
    6.149544e-01
    6.181306e-01
    6.212414e-01
    6.243277e-01
    6.275243e-01
    6.307496e-01
    6.340116e-01
    6.372982e-01
    6.405317e-01
    6.437937e-01
    6.470599e-01
    6.503097e-01
    6.534981e-01
    6.567765e-01
    6.601122e-01
    6.634274e-01
    6.667221e-01
    6.700455e-01
    6.734138e-01
    6.768271e-01
    6.802813e-01
    6.835924e-01
    6.870180e-01
    6.905008e-01
    6.939713e-01
    6.974010e-01
    7.007366e-01
    7.041499e-01
    7.075795e-01
    7.110542e-01
    7.145697e-01
    7.181383e-01
    7.217233e-01
    7.252878e-01
    7.288565e-01
    7.324333e-01
    7.360510e-01
    7.394970e-01
    7.429430e-01
    7.465280e-01
    7.501579e-01
    7.538329e-01
    7.574873e-01
    7.611255e-01
    7.647963e-01
    7.684876e-01
    7.722197e-01
    7.760009e-01
    7.797821e-01
    7.836042e-01
    7.872791e-01
    7.909500e-01
    7.946290e-01
    7.986105e-01
    8.024162e-01
    8.060952e-01
    8.097333e-01
    8.135145e-01
    8.173857e-01
    8.213100e-01
    8.252547e-01
    8.291626e-01
    8.331196e-01
    8.370806e-01
    8.409967e-01
    8.448801e-01
    8.487799e-01
    8.527450e-01
    8.567756e-01
    8.608429e-01
    8.646691e-01
    8.684871e-01
    8.724931e-01
    8.765319e-01
    8.806115e-01
    8.847524e-01
    8.889465e-01
    8.929852e-01
    8.970362e-01
    9.011444e-01
    9.052772e-01
    9.093977e-01
    9.135672e-01
    9.178103e-01
    9.221066e-01
    9.264274e-01
    9.305152e-01
    9.346071e-01
    9.388543e-01
    9.431546e-01
    9.473732e-01
    9.515346e-01
    9.556551e-01
    9.598287e-01
    9.640677e-01
    9.683722e-01
    9.727257e-01
    9.770873e-01
    9.814940e-01
    9.859660e-01
    9.905075e-01
    9.951063e-01
    9.991573e-01
);

energyMobility
(
    1.393351e+00
    2.136192e-01
    1.305921e-01
    9.288269e-02
    7.574465e-02
    7.097338e-02
    7.254554e-02
    7.382298e-02
    7.288892e-02
    7.054375e-02
    6.769866e-02
    6.488912e-02
    6.224800e-02
    5.988281e-02
    5.778986e-02
    5.594341e-02
    5.431361e-02
    5.286612e-02
    5.158296e-02
    5.042735e-02
    4.937883e-02
    4.841820e-02
    4.753319e-02
    4.671278e-02
    4.594386e-02
    4.522114e-02
    4.453726e-02
    4.388975e-02
    4.327822e-02
    4.269652e-02
    4.214549e-02
    4.162266e-02
    4.112804e-02
    4.066101e-02
    4.022104e-02
    3.980744e-02
    3.941608e-02
    3.905079e-02
    3.870648e-02
    3.838648e-02
    3.808329e-02
    3.780103e-02
    3.753708e-02
    3.728887e-02
    3.705714e-02
    3.683901e-02
    3.663225e-02
    3.643931e-02
    3.625434e-02
    3.608306e-02
    3.591795e-02
    3.575939e-02
    3.561031e-02
    3.546731e-02
    3.532678e-02
    3.519907e-02
    3.506459e-02
    3.494678e-02
    3.482316e-02
    3.470874e-02
    3.459739e-02
    3.448588e-02
    3.438233e-02
    3.427450e-02
    3.417823e-02
    3.407886e-02
    3.398304e-02
    3.389254e-02
    3.380011e-02
    3.371517e-02
    3.362728e-02
    3.354720e-02
    3.346516e-02
    3.338741e-02
    3.331620e-02
    3.323890e-02
    3.316937e-02
    3.310302e-02
    3.303647e-02
    3.297323e-02
    3.291400e-02
    3.285367e-02
    3.280007e-02
    3.274497e-02
    3.269363e-02
    3.264776e-02
    3.259834e-02
    3.255297e-02
    3.251626e-02
    3.247264e-02
    3.243418e-02
    3.240135e-02
    3.236836e-02
    3.233640e-02
    3.230795e-02
    3.228060e-02
    3.225746e-02
    3.223445e-02
    3.221450e-02
    3.219480e-02
    3.218204e-02
    3.216508e-02
    3.215061e-02
    3.214227e-02
    3.213499e-02
    3.212784e-02
    3.211725e-02
    3.211995e-02
    3.211750e-02
    3.211856e-02
    3.212015e-02
    3.212326e-02
    3.213225e-02
    3.213589e-02
    3.214905e-02
    3.215682e-02
    3.217166e-02
    3.218364e-02
    3.220036e-02
    3.221703e-02
    3.223580e-02
    3.226175e-02
    3.228219e-02
    3.230034e-02
    3.233407e-02
    3.235594e-02
    3.238545e-02
    3.242322e-02
    3.245024e-02
    3.248053e-02
    3.251749e-02
    3.255759e-02
    3.259405e-02
    3.263705e-02
    3.268030e-02
    3.271681e-02
    3.276680e-02
    3.281757e-02
    3.286532e-02
    3.291245e-02
    3.296203e-02
    3.303140e-02
    3.307903e-02
    3.312955e-02
    3.320043e-02
    3.325868e-02
    3.332172e-02
    3.338688e-02
    3.345731e-02
    3.352341e-02
    3.359834e-02
    3.367122e-02
    3.374787e-02
    3.383003e-02
    3.390676e-02
    3.398333e-02
    3.407223e-02
    3.415914e-02
    3.424842e-02
    3.434019e-02
    3.443445e-02
    3.453125e-02
    3.463063e-02
    3.473266e-02
    3.483730e-02
    3.494469e-02
    3.505482e-02
    3.516776e-02
    3.528349e-02
    3.540207e-02
    3.552356e-02
    3.564799e-02
    3.577537e-02
    3.590577e-02
    3.603915e-02
    3.617556e-02
    3.631508e-02
    3.645766e-02
    3.660335e-02
    3.675215e-02
    3.690405e-02
    3.705910e-02
    3.721726e-02
    3.737856e-02
    3.754297e-02
    3.771053e-02
    3.788115e-02
    3.805484e-02
    3.823156e-02
    3.841134e-02
    3.859402e-02
    3.877969e-02
    3.896822e-02
    3.915957e-02
    3.935370e-02
    3.955048e-02
    3.974988e-02
    3.995182e-02
    4.015621e-02
    4.036293e-02
    1.295624e+00
    4.160141e-01
    2.968322e-01
    2.432940e-01
    2.119027e-01
    1.911118e-01
    1.763729e-01
    1.655214e-01
    1.573978e-01
    1.513417e-01
    1.469690e-01
    1.440422e-01
    1.423474e-01
    1.416177e-01
    1.415617e-01
    1.419226e-01
    1.425097e-01
    1.431956e-01
    1.439101e-01
    1.446251e-01
    1.453286e-01
    1.459904e-01
    1.466134e-01
    1.472249e-01
    1.478017e-01
    1.483507e-01
    1.489009e-01
    1.494008e-01
    1.499200e-01
    1.503885e-01
    1.508798e-01
    1.513266e-01
    1.518032e-01
    1.522329e-01
    1.526707e-01
    1.531367e-01
    1.535336e-01
    1.539702e-01
    1.544031e-01
    1.547967e-01
    1.552096e-01
    1.556319e-01
    1.560680e-01
    1.564396e-01
    1.568439e-01
    1.572379e-01
    1.576410e-01
    1.580539e-01
    1.584696e-01
    1.588718e-01
    1.592577e-01
    1.596481e-01
    1.600136e-01
    1.604060e-01
    1.607972e-01
    1.611761e-01
    1.615730e-01
    1.619769e-01
    1.623824e-01
    1.627642e-01
    1.631141e-01
    1.635299e-01
    1.638798e-01
    1.642599e-01
    1.646495e-01
    1.650460e-01
    1.654511e-01
    1.658440e-01
    1.661812e-01
    1.666031e-01
    1.669554e-01
    1.673103e-01
    1.676961e-01
    1.680792e-01
    1.684597e-01
    1.688505e-01
    1.692503e-01
    1.696194e-01
    1.699640e-01
    1.703471e-01
    1.707260e-01
    1.710845e-01
    1.714634e-01
    1.718551e-01
    1.722450e-01
    1.726285e-01
    1.730213e-01
    1.734076e-01
    1.737387e-01
    1.741046e-01
    1.744802e-01
    1.748514e-01
    1.752320e-01
    1.756215e-01
    1.760205e-01
    1.763680e-01
    1.767665e-01
    1.771545e-01
    1.775289e-01
    1.778706e-01
    1.782034e-01
    1.785799e-01
    1.789625e-01
    1.793574e-01
    1.797567e-01
    1.801226e-01
    1.804909e-01
    1.808654e-01
    1.812312e-01
    1.815713e-01
    1.819458e-01
    1.823378e-01
    1.827081e-01
    1.830617e-01
    1.834239e-01
    1.837967e-01
    1.841818e-01
    1.845799e-01
    1.849114e-01
    1.852924e-01
    1.856877e-01
    1.860720e-01
    1.864374e-01
    1.867714e-01
    1.871238e-01
    1.874737e-01
    1.878350e-01
    1.882087e-01
    1.885945e-01
    1.889812e-01
    1.893524e-01
    1.897285e-01
    1.900993e-01
    1.904798e-01
    1.908064e-01
    1.911294e-01
    1.914875e-01
    1.918562e-01
    1.922368e-01
    1.926026e-01
    1.929570e-01
    1.933172e-01
    1.936789e-01
    1.940472e-01
    1.944266e-01
    1.948023e-01
    1.951845e-01
    1.955295e-01
    1.958700e-01
    1.962040e-01
    1.966144e-01
    1.969692e-01
    1.972889e-01
    1.975987e-01
    1.979396e-01
    1.983006e-01
    1.986718e-01
    1.990470e-01
    1.994010e-01
    1.997661e-01
    2.001344e-01
    2.004863e-01
    2.008240e-01
    2.011620e-01
    2.015136e-01
    2.018790e-01
    2.022473e-01
    2.025613e-01
    2.028679e-01
    2.032088e-01
    2.035567e-01
    2.039103e-01
    2.042757e-01
    2.046506e-01
    2.049813e-01
    2.053091e-01
    2.056472e-01
    2.059856e-01
    2.063135e-01
    2.066507e-01
    2.070006e-01
    2.073595e-01
    2.077270e-01
    2.080528e-01
    2.083725e-01
    2.087171e-01
    2.090686e-01
    2.093977e-01
    2.097088e-01
    2.100056e-01
    2.103125e-01
    2.106306e-01
    2.109596e-01
    2.112969e-01
    2.116272e-01
    2.119628e-01
    2.123090e-01
    2.126667e-01
    2.130334e-01
    2.132815e-01
);

energyDiffusivity
(
    4.818029e-02
    7.320327e-02
    8.008342e-02
    7.774439e-02
    7.529949e-02
    8.119816e-02
    1.016563e-01
    1.294320e-01
    1.545102e-01
    1.746977e-01
    1.905559e-01
    2.037373e-01
    2.147960e-01
    2.246848e-01
    2.340430e-01
    2.430312e-01
    2.520129e-01
    2.609680e-01
    2.702477e-01
    2.797080e-01
    2.893622e-01
    2.991491e-01
    3.091900e-01
    3.193575e-01
    3.296236e-01
    3.399780e-01
    3.503303e-01
    3.606953e-01
    3.711543e-01
    3.816174e-01
    3.921205e-01
    4.026621e-01
    4.132589e-01
    4.240139e-01
    4.348996e-01
    4.460102e-01
    4.572190e-01
    4.687751e-01
    4.805275e-01
    4.926846e-01
    5.050052e-01
    5.177550e-01
    5.308482e-01
    5.443093e-01
    5.581546e-01
    5.723596e-01
    5.868917e-01
    6.018612e-01
    6.171005e-01
    6.328385e-01
    6.488176e-01
    6.651074e-01
    6.817897e-01
    6.987785e-01
    7.159064e-01
    7.337250e-01
    7.511308e-01
    7.695708e-01
    7.876634e-01
    8.063241e-01
    8.252301e-01
    8.441280e-01
    8.635858e-01
    8.827657e-01
    9.028572e-01
    9.226748e-01
    9.428031e-01
    9.634096e-01
    9.838485e-01
    1.005007e+00
    1.025875e+00
    1.047495e+00
    1.068964e+00
    1.090863e+00
    1.113493e+00
    1.135448e+00
    1.158283e+00
    1.181538e+00
    1.204797e+00
    1.228482e+00
    1.252682e+00
    1.276783e+00
    1.301833e+00
    1.326728e+00
    1.352142e+00
    1.378459e+00
    1.404306e+00
    1.430848e+00
    1.458727e+00
    1.485714e+00
    1.513528e+00
    1.542416e+00
    1.571402e+00
    1.600679e+00
    1.630671e+00
    1.661031e+00
    1.692307e+00
    1.723799e+00
    1.755946e+00
    1.788444e+00
    1.822433e+00
    1.855863e+00
    1.890005e+00
    1.925630e+00
    1.961819e+00
    1.998110e+00
    2.034169e+00
    2.073219e+00
    2.111706e+00
    2.150985e+00
    2.190964e+00
    2.231723e+00
    2.273987e+00
    2.315670e+00
    2.359810e+00
    2.403300e+00
    2.448952e+00
    2.494318e+00
    2.541357e+00
    2.588988e+00
    2.637759e+00
    2.688848e+00
    2.739189e+00
    2.789436e+00
    2.844499e+00
    2.897211e+00
    2.952723e+00
    3.011141e+00
    3.067308e+00
    3.125272e+00
    3.185853e+00
    3.248425e+00
    3.310670e+00
    3.376025e+00
    3.442248e+00
    3.507272e+00
    3.577656e+00
    3.649547e+00
    3.721394e+00
    3.794460e+00
    3.869262e+00
    3.952371e+00
    4.029287e+00
    4.108430e+00
    4.196808e+00
    4.281344e+00
    4.369926e+00
    4.460429e+00
    4.555143e+00
    4.649449e+00
    4.749681e+00
    4.850486e+00
    4.955256e+00
    5.064318e+00
    5.173585e+00
    5.284609e+00
    5.402910e+00
    5.523663e+00
    5.648095e+00
    5.776411e+00
    5.908732e+00
    6.045224e+00
    6.186089e+00
    6.331450e+00
    6.481513e+00
    6.636440e+00
    6.796477e+00
    6.961787e+00
    7.132534e+00
    7.309004e+00
    7.491401e+00
    7.679889e+00
    7.874753e+00
    8.076200e+00
    8.284513e+00
    8.499899e+00
    8.722601e+00
    8.952907e+00
    9.191062e+00
    9.437351e+00
    9.692061e+00
    9.955437e+00
    1.022781e+01
    1.050941e+01
    1.080055e+01
    1.110153e+01
    1.141269e+01
    1.173424e+01
    1.206653e+01
    1.240983e+01
    1.276448e+01
    1.313075e+01
    1.350895e+01
    1.389937e+01
    1.430231e+01
    1.471799e+01
    1.514676e+01
    1.558886e+01
    1.604456e+01
    1.651413e+01
    3.436423e-02
    7.815194e-02
    1.022020e-01
    1.214612e-01
    1.388360e-01
    1.556707e-01
    1.727540e-01
    1.907811e-01
    2.104953e-01
    2.327230e-01
    2.583420e-01
    2.875987e-01
    3.194352e-01
    3.517761e-01
    3.825617e-01
    4.105119e-01
    4.351817e-01
    4.566181e-01
    4.752911e-01
    4.916626e-01
    5.061579e-01
    5.189486e-01
    5.305375e-01
    5.412189e-01
    5.508906e-01
    5.600350e-01
    5.685335e-01
    5.765987e-01
    5.843655e-01
    5.916704e-01
    5.989098e-01
    6.056996e-01
    6.125181e-01
    6.190708e-01
    6.254273e-01
    6.318656e-01
    6.380259e-01
    6.441616e-01
    6.503178e-01
    6.562696e-01
    6.622378e-01
    6.681855e-01
    6.741987e-01
    6.800115e-01
    6.858448e-01
    6.916617e-01
    6.974827e-01
    7.033446e-01
    7.092269e-01
    7.150765e-01
    7.208444e-01
    7.266695e-01
    7.324047e-01
    7.382257e-01
    7.440508e-01
    7.498554e-01
    7.557378e-01
    7.616691e-01
    7.676332e-01
    7.735196e-01
    7.792875e-01
    7.853333e-01
    7.911503e-01
    7.971021e-01
    8.031152e-01
    8.091651e-01
    8.152805e-01
    8.213713e-01
    8.272536e-01
    8.335651e-01
    8.395456e-01
    8.455669e-01
    8.517517e-01
    8.579610e-01
    8.641827e-01
    8.704779e-01
    8.768466e-01
    8.830887e-01
    8.892531e-01
    8.956423e-01
    9.020110e-01
    9.083267e-01
    9.147731e-01
    9.213177e-01
    9.278867e-01
    9.344476e-01
    9.410944e-01
    9.477125e-01
    9.540649e-01
    9.606585e-01
    9.673380e-01
    9.740174e-01
    9.807827e-01
    9.876256e-01
    9.945544e-01
    1.001258e+00
    1.008253e+00
    1.015214e+00
    1.022131e+00
    1.028871e+00
    1.035608e+00
    1.042660e+00
    1.049776e+00
    1.057008e+00
    1.064300e+00
    1.071409e+00
    1.078567e+00
    1.085786e+00
    1.092968e+00
    1.100023e+00
    1.107361e+00
    1.114862e+00
    1.122245e+00
    1.129550e+00
    1.136944e+00
    1.144445e+00
    1.152065e+00
    1.159811e+00
    1.167174e+00
    1.174871e+00
    1.182707e+00
    1.190494e+00
    1.198179e+00
    1.205672e+00
    1.213365e+00
    1.221071e+00
    1.228899e+00
    1.236854e+00
    1.244944e+00
    1.253070e+00
    1.261111e+00
    1.269221e+00
    1.277319e+00
    1.285531e+00
    1.293343e+00
    1.301179e+00
    1.309355e+00
    1.317653e+00
    1.326086e+00
    1.334438e+00
    1.342724e+00
    1.351095e+00
    1.359512e+00
    1.368019e+00
    1.376664e+00
    1.385310e+00
    1.394058e+00
    1.402511e+00
    1.410990e+00
    1.419447e+00
    1.428657e+00
    1.437352e+00
    1.445768e+00
    1.454148e+00
    1.462864e+00
    1.471799e+00
    1.480874e+00
    1.490023e+00
    1.499008e+00
    1.508132e+00
    1.517325e+00
    1.526396e+00
    1.535373e+00
    1.544386e+00
    1.553576e+00
    1.562937e+00
    1.572359e+00
    1.581287e+00
    1.590194e+00
    1.599490e+00
    1.608887e+00
    1.618392e+00
    1.628055e+00
    1.637862e+00
    1.647260e+00
    1.656661e+00
    1.666211e+00
    1.675800e+00
    1.685300e+00
    1.694939e+00
    1.704750e+00
    1.714700e+00
    1.724776e+00
    1.734456e+00
    1.744128e+00
    1.754118e+00
    1.764219e+00
    1.774124e+00
    1.783861e+00
    1.793476e+00
    1.803241e+00
    1.813171e+00
    1.823263e+00
    1.833491e+00
    1.843661e+00
    1.853938e+00
    1.864370e+00
    1.874978e+00
    1.885733e+00
    1.895311e+00
);

powerLoss
(
    1.030546e-14
    3.583282e-12
    8.809295e-12
    1.405560e-11
    1.991616e-11
    2.762374e-11
    3.844496e-11
    5.250851e-11
    6.846919e-11
    8.556179e-11
    1.031431e-10
    1.214022e-10
    1.398078e-10
    1.587625e-10
    1.783898e-10
    1.985901e-10
    2.194998e-10
    2.410535e-10
    2.636447e-10
    2.869566e-10
    3.110176e-10
    3.357327e-10
    3.614143e-10
    3.879339e-10
    4.151845e-10
    4.431496e-10
    4.717222e-10
    5.010630e-10
    5.312073e-10
    5.620139e-10
    5.935261e-10
    6.256536e-10
    6.583769e-10
    6.919154e-10
    7.261280e-10
    7.611285e-10
    7.966894e-10
    8.331910e-10
    8.703197e-10
    9.083224e-10
    9.468386e-10
    9.863150e-10
    1.026567e-09
    1.067674e-09
    1.109616e-09
    1.152373e-09
    1.195914e-09
    1.240450e-09
    1.285673e-09
    1.331859e-09
    1.378783e-09
    1.426662e-09
    1.475369e-09
    1.524899e-09
    1.575071e-09
    1.626753e-09
    1.678121e-09
    1.731727e-09
    1.785109e-09
    1.839895e-09
    1.895406e-09
    1.951442e-09
    2.008747e-09
    2.065963e-09
    2.125503e-09
    2.184612e-09
    2.244744e-09
    2.306243e-09
    2.367829e-09
    2.430928e-09
    2.494050e-09
    2.558870e-09
    2.623607e-09
    2.689590e-09
    2.757396e-09
    2.823760e-09
    2.892252e-09
    2.962026e-09
    3.031838e-09
    3.102486e-09
    3.174709e-09
    3.246678e-09
    3.320563e-09
    3.394377e-09
    3.469356e-09
    3.546298e-09
    3.621802e-09
    3.699430e-09
    3.779711e-09
    3.857861e-09
    3.937217e-09
    4.019643e-09
    4.102147e-09
    4.184611e-09
    4.268369e-09
    4.353342e-09
    4.439531e-09
    4.526150e-09
    4.613671e-09
    4.702014e-09
    4.793455e-09
    4.882033e-09
    4.973160e-09
    5.066991e-09
    5.162311e-09
    5.254771e-09
    5.347857e-09
    5.446862e-09
    5.545866e-09
    5.643656e-09
    5.743052e-09
    5.844017e-09
    5.946196e-09
    6.048493e-09
    6.152750e-09
    6.257790e-09
    6.364046e-09
    6.470458e-09
    6.578556e-09
    6.687986e-09
    6.799611e-09
    6.914529e-09
    7.024861e-09
    7.134879e-09
    7.252422e-09
    7.368241e-09
    7.488293e-09
    7.610501e-09
    7.727300e-09
    7.845353e-09
    7.967795e-09
    8.092433e-09
    8.220245e-09
    8.348293e-09
    8.474263e-09
    8.599606e-09
    8.731613e-09
    8.864363e-09
    8.997545e-09
    9.128533e-09
    9.264105e-09
    9.409477e-09
    9.544227e-09
    9.680387e-09
    9.826543e-09
    9.967524e-09
    1.011027e-08
    1.025560e-08
    1.040540e-08
    1.055183e-08
    1.070289e-08
    1.085680e-08
    1.101201e-08
    1.116659e-08
    1.131847e-08
    1.147497e-08
    1.163743e-08
    1.179864e-08
    1.196153e-08
    1.212611e-08
    1.229245e-08
    1.246055e-08
    1.263042e-08
    1.280213e-08
    1.297564e-08
    1.315104e-08
    1.332831e-08
    1.350751e-08
    1.368862e-08
    1.387170e-08
    1.405678e-08
    1.424393e-08
    1.443308e-08
    1.462435e-08
    1.481769e-08
    1.501323e-08
    1.521093e-08
    1.541082e-08
    1.561298e-08
    1.581742e-08
    1.602413e-08
    1.623323e-08
    1.644468e-08
    1.665857e-08
    1.687488e-08
    1.709370e-08
    1.731503e-08
    1.753891e-08
    1.776537e-08
    1.799446e-08
    1.822626e-08
    1.846072e-08
    1.869792e-08
    1.893791e-08
    1.918072e-08
    1.942639e-08
    1.967492e-08
    1.992639e-08
    2.018084e-08
    2.043826e-08
    9.433738e-15
    6.952782e-12
    1.934894e-11
    3.534885e-11
    5.440042e-11
    7.627864e-11
    1.008891e-10
    1.282420e-10
    1.584511e-10
    1.916633e-10
    2.281331e-10
    2.682385e-10
    3.124786e-10
    3.613574e-10
    4.152544e-10
    4.743337e-10
    5.385803e-10
    6.079622e-10
    6.822849e-10
    7.614711e-10
    8.453151e-10
    9.340486e-10
    1.027336e-09
    1.125105e-09
    1.227817e-09
    1.334682e-09
    1.446561e-09
    1.562893e-09
    1.683628e-09
    1.809430e-09
    1.939293e-09
    2.074437e-09
    2.213613e-09
    2.357576e-09
    2.506956e-09
    2.660361e-09
    2.818594e-09
    2.981985e-09
    3.149195e-09
    3.322074e-09
    3.499450e-09
    3.681978e-09
    3.868706e-09
    4.060110e-09
    4.257520e-09
    4.458555e-09
    4.665570e-09
    4.877394e-09
    5.093876e-09
    5.314626e-09
    5.541264e-09
    5.771639e-09
    6.007588e-09
    6.249848e-09
    6.496722e-09
    6.747491e-09
    7.004675e-09
    7.266693e-09
    7.533445e-09
    7.804187e-09
    8.080420e-09
    8.363065e-09
    8.649928e-09
    8.943622e-09
    9.242407e-09
    9.546041e-09
    9.854708e-09
    1.016784e-08
    1.048437e-08
    1.081174e-08
    1.113898e-08
    1.147377e-08
    1.181563e-08
    1.216251e-08
    1.251413e-08
    1.287109e-08
    1.323345e-08
    1.359928e-08
    1.397146e-08
    1.435232e-08
    1.473409e-08
    1.512462e-08
    1.552165e-08
    1.592445e-08
    1.633236e-08
    1.674510e-08
    1.716371e-08
    1.758664e-08
    1.801259e-08
    1.844890e-08
    1.889152e-08
    1.933906e-08
    1.979240e-08
    2.025178e-08
    2.071738e-08
    2.118697e-08
    2.166476e-08
    2.214717e-08
    2.263409e-08
    2.312346e-08
    2.362049e-08
    2.412870e-08
    2.464296e-08
    2.516395e-08
    2.569096e-08
    2.622067e-08
    2.675654e-08
    2.729812e-08
    2.784383e-08
    2.839378e-08
    2.895612e-08
    2.952676e-08
    3.010150e-08
    3.068025e-08
    3.126565e-08
    3.185823e-08
    3.245802e-08
    3.306517e-08
    3.367368e-08
    3.429242e-08
    3.491883e-08
    3.554990e-08
    3.618401e-08
    3.682083e-08
    3.746998e-08
    3.812604e-08
    3.878978e-08
    3.946116e-08
    4.014054e-08
    4.082649e-08
    4.151648e-08
    4.221254e-08
    4.291466e-08
    4.362489e-08
    4.433084e-08
    4.504506e-08
    4.577508e-08
    4.651326e-08
    4.725982e-08
    4.801033e-08
    4.876589e-08
    4.952901e-08
    5.029898e-08
    5.107742e-08
    5.186428e-08
    5.265699e-08
    5.345742e-08
    5.425474e-08
    5.506035e-08
    5.587522e-08
    5.671296e-08
    5.754417e-08
    5.837163e-08
    5.920506e-08
    6.005653e-08
    6.092012e-08
    6.179283e-08
    6.267256e-08
    6.355650e-08
    6.444974e-08
    6.534986e-08
    6.625233e-08
    6.715845e-08
    6.807175e-08
    6.899546e-08
    6.992972e-08
    7.087173e-08
    7.180266e-08
    7.274284e-08
    7.370396e-08
    7.467430e-08
    7.565319e-08
    7.664312e-08
    7.764290e-08
    7.863735e-08
    7.963841e-08
    8.065014e-08
    8.167029e-08
    8.269529e-08
    8.373052e-08
    8.477762e-08
    8.583461e-08
    8.689973e-08
    8.795221e-08
    8.901409e-08
    9.009756e-08
    9.119141e-08
    9.228541e-08
    9.338083e-08
    9.447929e-08
    9.558880e-08
    9.670968e-08
    9.784181e-08
    9.898457e-08
    1.001344e-07
    1.012944e-07
    1.024664e-07
    1.036505e-07
    1.048458e-07
    1.059980e-07
);

rateCoefficients
(
    (0.000000e+00 0.000000e+00)
    (0.000000e+00 0.000000e+00)
    (0.000000e+00 0.000000e+00)
    (0.000000e+00 0.000000e+00)
    (0.000000e+00 0.000000e+00)
    (0.000000e+00 0.000000e+00)
    (0.000000e+00 0.000000e+00)
    (2.199570e-24 0.000000e+00)
    (2.156250e-22 7.741130e-26)
    (5.071900e-21 8.138090e-24)
    (4.960140e-20 2.503360e-22)
    (2.735660e-19 3.301950e-21)
    (1.012970e-18 2.441400e-20)
    (2.837770e-18 1.198770e-19)
    (6.488930e-18 4.361490e-19)
    (1.273300e-17 1.264730e-18)
    (2.223390e-17 3.083130e-18)
    (3.540470e-17 6.549830e-18)
    (5.255220e-17 1.251190e-17)
    (7.355220e-17 2.188190e-17)
    (9.816700e-17 3.562120e-17)
    (1.259280e-16 5.462930e-17)
    (1.564910e-16 7.979170e-17)
    (1.893130e-16 1.118750e-16)
    (2.237570e-16 1.514040e-16)
    (2.593400e-16 1.988290e-16)
    (2.954820e-16 2.543500e-16)
    (3.318480e-16 3.182550e-16)
    (3.681870e-16 3.908330e-16)
    (4.040500e-16 4.717740e-16)
    (4.392000e-16 5.612630e-16)
    (4.733880e-16 6.589380e-16)
    (5.064220e-16 7.647400e-16)
    (5.383800e-16 8.787590e-16)
    (5.690140e-16 1.000700e-15)
    (5.984180e-16 1.130580e-15)
    (6.262630e-16 1.267460e-15)
    (6.529710e-16 1.412300e-15)
    (6.781340e-16 1.563900e-15)
    (7.020310e-16 1.723020e-15)
    (7.243940e-16 1.887810e-15)
    (7.456030e-16 2.059850e-15)
    (7.654660e-16 2.237980e-15)
    (7.841710e-16 2.422290e-15)
    (8.016390e-16 2.612500e-15)
    (8.180170e-16 2.808020e-15)
    (8.332810e-16 3.008540e-15)
    (8.475320e-16 3.214720e-15)
    (8.608280e-16 3.424750e-15)
    (8.730550e-16 3.639990e-15)
    (8.844160e-16 3.858670e-15)
    (8.950790e-16 4.081460e-15)
    (9.048090e-16 4.307750e-15)
    (9.137640e-16 4.537100e-15)
    (9.220880e-16 4.768260e-15)
    (9.297130e-16 5.005310e-15)
    (9.366670e-16 5.239140e-15)
    (9.431730e-16 5.481560e-15)
    (9.490570e-16 5.720780e-15)
    (9.544200e-16 5.964220e-15)
    (9.593160e-16 6.208390e-15)
    (9.637370e-16 6.452440e-15)
    (9.677100e-16 6.699130e-15)
    (9.713350e-16 6.942310e-15)
    (9.746580e-16 7.192840e-15)
    (9.775240e-16 7.437770e-15)
    (9.800650e-16 7.683860e-15)
    (9.823760e-16 7.932120e-15)
    (9.843860e-16 8.176900e-15)
    (9.861600e-16 8.424070e-15)
    (9.876910e-16 8.667730e-15)
    (9.889980e-16 8.914090e-15)
    (9.901140e-16 9.155890e-15)
    (9.910400e-16 9.398680e-15)
    (9.917560e-16 9.644530e-15)
    (9.923060e-16 9.879950e-15)
    (9.926870e-16 1.011950e-14)
    (9.929610e-16 1.035960e-14)
    (9.931410e-16 1.059510e-14)
    (9.931310e-16 1.082910e-14)
    (9.930150e-16 1.106460e-14)
    (9.927940e-16 1.129460e-14)
    (9.924510e-16 1.152650e-14)
    (9.920520e-16 1.175370e-14)
    (9.915540e-16 1.198040e-14)
    (9.909380e-16 1.220900e-14)
    (9.903270e-16 1.242760e-14)
    (9.896050e-16 1.264960e-14)
    (9.887580e-16 1.287510e-14)
    (9.879120e-16 1.308890e-14)
    (9.870190e-16 1.330120e-14)
    (9.860260e-16 1.351970e-14)
    (9.850140e-16 1.373360e-14)
    (9.839890e-16 1.394210e-14)
    (9.828660e-16 1.414950e-14)
    (9.817020e-16 1.435630e-14)
    (9.804930e-16 1.456190e-14)
    (9.792480e-16 1.476410e-14)
    (9.779770e-16 1.496400e-14)
    (9.766620e-16 1.516230e-14)
    (9.752730e-16 1.536380e-14)
    (9.739750e-16 1.555210e-14)
    (9.726070e-16 1.574440e-14)
    (9.711560e-16 1.593900e-14)
    (9.696400e-16 1.613300e-14)
    (9.682090e-16 1.631270e-14)
    (9.667480e-16 1.649160e-14)
    (9.651700e-16 1.668010e-14)
    (9.635890e-16 1.686620e-14)
    (9.621020e-16 1.704040e-14)
    (9.605340e-16 1.721660e-14)
    (9.589260e-16 1.739260e-14)
    (9.573180e-16 1.756490e-14)
    (9.556880e-16 1.773600e-14)
    (9.540280e-16 1.790420e-14)
    (9.523510e-16 1.807260e-14)
    (9.506850e-16 1.823690e-14)
    (9.490330e-16 1.839790e-14)
    (9.473450e-16 1.855860e-14)
    (9.456250e-16 1.871860e-14)
    (9.438530e-16 1.887910e-14)
    (9.420330e-16 1.903960e-14)
    (9.403270e-16 1.918700e-14)
    (9.386440e-16 1.933040e-14)
    (9.368320e-16 1.948170e-14)
    (9.350390e-16 1.963130e-14)
    (9.331810e-16 1.978350e-14)
    (9.313320e-16 1.993100e-14)
    (9.295850e-16 2.006750e-14)
    (9.278150e-16 2.020210e-14)
    (9.259830e-16 2.033880e-14)
    (9.241210e-16 2.047580e-14)
    (9.221950e-16 2.061750e-14)
    (9.202850e-16 2.075340e-14)
    (9.184570e-16 2.087960e-14)
    (9.166400e-16 2.100450e-14)
    (9.147310e-16 2.113250e-14)
    (9.128200e-16 2.125820e-14)
    (9.109320e-16 2.138230e-14)
    (9.090830e-16 2.150030e-14)
    (9.071680e-16 2.162110e-14)
    (9.051250e-16 2.174620e-14)
    (9.032410e-16 2.186060e-14)
    (9.013510e-16 2.197280e-14)
    (8.993390e-16 2.208920e-14)
    (8.974400e-16 2.219640e-14)
    (8.955250e-16 2.230390e-14)
    (8.935820e-16 2.241150e-14)
    (8.915750e-16 2.252050e-14)
    (8.896270e-16 2.262240e-14)
    (8.876270e-16 2.272540e-14)
    (8.855900e-16 2.282950e-14)
    (8.835550e-16 2.293140e-14)
    (8.815960e-16 2.302520e-14)
    (8.796830e-16 2.311620e-14)
    (8.777070e-16 2.320960e-14)
    (8.756720e-16 2.330150e-14)
    (8.736530e-16 2.339210e-14)
    (8.716300e-16 2.348100e-14)
    (8.696010e-16 2.356820e-14)
    (8.675670e-16 2.365380e-14)
    (8.655270e-16 2.373780e-14)
    (8.634830e-16 2.382020e-14)
    (8.614340e-16 2.390090e-14)
    (8.593790e-16 2.398000e-14)
    (8.573200e-16 2.405750e-14)
    (8.552550e-16 2.413340e-14)
    (8.531850e-16 2.420770e-14)
    (8.511110e-16 2.428040e-14)
    (8.490310e-16 2.435150e-14)
    (8.469460e-16 2.442110e-14)
    (8.448560e-16 2.448910e-14)
    (8.427620e-16 2.455550e-14)
    (8.406620e-16 2.462040e-14)
    (8.385570e-16 2.468370e-14)
    (8.364470e-16 2.474550e-14)
    (8.343320e-16 2.480580e-14)
    (8.322120e-16 2.486460e-14)
    (8.300870e-16 2.492180e-14)
    (8.279570e-16 2.497750e-14)
    (8.258210e-16 2.503180e-14)
    (8.236810e-16 2.508450e-14)
    (8.215360e-16 2.513570e-14)
    (8.193850e-16 2.518550e-14)
    (8.172290e-16 2.523380e-14)
    (8.150680e-16 2.528060e-14)
    (8.129020e-16 2.532590e-14)
    (8.107310e-16 2.536980e-14)
    (8.085550e-16 2.541230e-14)
    (8.063740e-16 2.545330e-14)
    (8.041870e-16 2.549280e-14)
    (8.019950e-16 2.553100e-14)
    (7.997980e-16 2.556770e-14)
    (7.975960e-16 2.560300e-14)
    (7.953890e-16 2.563690e-14)
    (7.931770e-16 2.566940e-14)
    (7.909590e-16 2.570050e-14)
    (7.887360e-16 2.573020e-14)
    (7.865090e-16 2.575850e-14)
    (7.842760e-16 2.578540e-14)
    (0.000000e+00 0.000000e+00)
    (0.000000e+00 0.000000e+00)
    (0.000000e+00 0.000000e+00)
    (0.000000e+00 0.000000e+00)
    (0.000000e+00 0.000000e+00)
    (0.000000e+00 0.000000e+00)
    (0.000000e+00 0.000000e+00)
    (3.665100e-26 0.000000e+00)
    (8.009210e-24 0.000000e+00)
    (2.516690e-22 1.795160e-26)
    (2.909910e-21 8.281110e-25)
    (1.733980e-20 1.042900e-23)
    (6.548390e-20 7.268670e-23)
    (1.788570e-19 3.315920e-22)
    (3.878840e-19 1.112960e-21)
    (7.116900e-19 2.975100e-21)
    (1.155670e-18 6.714920e-21)
    (1.716870e-18 1.333050e-20)
    (2.383860e-18 2.394500e-20)
    (3.146100e-18 3.979900e-20)
    (3.991230e-18 6.221070e-20)
    (4.915740e-18 9.254980e-20)
    (5.905390e-18 1.320880e-19)
    (6.952520e-18 1.821750e-19)
    (8.060570e-18 2.443970e-19)
    (9.210360e-18 3.196810e-19)
    (1.041260e-17 4.097420e-19)
    (1.165410e-17 5.152780e-19)
    (1.293070e-17 6.378660e-19)
    (1.424970e-17 7.787960e-19)
    (1.559330e-17 9.383770e-19)
    (1.697730e-17 1.118790e-18)
    (1.838050e-17 1.319940e-18)
    (1.981220e-17 1.543350e-18)
    (2.127940e-17 1.790250e-18)
    (2.275950e-17 2.060900e-18)
    (2.426440e-17 2.355570e-18)
    (2.579390e-17 2.677040e-18)
    (2.733130e-17 3.022920e-18)
    (2.889790e-17 3.396950e-18)
    (3.047750e-17 3.798300e-18)
    (3.207800e-17 4.227670e-18)
    (3.368470e-17 4.685410e-18)
    (3.530380e-17 5.171770e-18)
    (3.695110e-17 5.688870e-18)
    (3.859540e-17 6.234700e-18)
    (4.026410e-17 6.812610e-18)
    (4.194050e-17 7.422460e-18)
    (4.362480e-17 8.062940e-18)
    (4.531370e-17 8.732460e-18)
    (4.702090e-17 9.436720e-18)
    (4.872290e-17 1.017090e-17)
    (5.044000e-17 1.093880e-17)
    (5.217780e-17 1.174240e-17)
    (5.391960e-17 1.257820e-17)
    (5.565520e-17 1.344530e-17)
    (5.741130e-17 1.434930e-17)
    (5.917030e-17 1.528700e-17)
    (6.093270e-17 1.625720e-17)
    (6.268750e-17 1.726040e-17)
    (6.445360e-17 1.829780e-17)
    (6.623290e-17 1.937490e-17)
    (6.801340e-17 2.048160e-17)
    (6.981330e-17 2.162790e-17)
    (7.161410e-17 2.281040e-17)
    (7.341190e-17 2.402930e-17)
    (7.520950e-17 2.528480e-17)
    (7.701170e-17 2.656850e-17)
    (7.880130e-17 2.788220e-17)
    (8.063700e-17 2.925100e-17)
    (8.243050e-17 3.063920e-17)
    (8.424540e-17 3.207040e-17)
    (8.607440e-17 3.354540e-17)
    (8.790600e-17 3.505350e-17)
    (8.973900e-17 3.659350e-17)
    (9.157060e-17 3.817180e-17)
    (9.340090e-17 3.978820e-17)
    (9.521590e-17 4.143590e-17)
    (9.704580e-17 4.312020e-17)
    (9.889810e-17 4.485440e-17)
    (1.007210e-16 4.660850e-17)
    (1.025700e-16 4.841010e-17)
    (1.044270e-16 5.025280e-17)
    (1.062820e-16 5.213620e-17)
    (1.081370e-16 5.405370e-17)
    (1.099950e-16 5.600270e-17)
    (1.118510e-16 5.799230e-17)
    (1.136910e-16 6.001860e-17)
    (1.155230e-16 6.206790e-17)
    (1.173860e-16 6.417370e-17)
    (1.192550e-16 6.631900e-17)
    (1.211250e-16 6.849600e-17)
    (1.229940e-16 7.071300e-17)
    (1.248600e-16 7.297100e-17)
    (1.267240e-16 7.527230e-17)
    (1.285870e-16 7.759780e-17)
    (1.304510e-16 7.998000e-17)
    (1.323190e-16 8.238890e-17)
    (1.341930e-16 8.482280e-17)
    (1.360400e-16 8.728400e-17)
    (1.378970e-16 8.979190e-17)
    (1.397810e-16 9.236280e-17)
    (1.416630e-16 9.497390e-17)
    (1.435430e-16 9.763070e-17)
    (1.454210e-16 1.003260e-16)
    (1.473100e-16 1.030310e-16)
    (1.491960e-16 1.057760e-16)
    (1.510750e-16 1.085610e-16)
    (1.529360e-16 1.113810e-16)
    (1.547800e-16 1.142360e-16)
    (1.566580e-16 1.171570e-16)
    (1.585420e-16 1.201280e-16)
    (1.604300e-16 1.231220e-16)
    (1.623220e-16 1.261360e-16)
    (1.642140e-16 1.291920e-16)
    (1.661040e-16 1.322950e-16)
    (1.679930e-16 1.354440e-16)
    (1.698800e-16 1.386410e-16)
    (1.717490e-16 1.418500e-16)
    (1.736330e-16 1.451200e-16)
    (1.755150e-16 1.484400e-16)
    (1.774040e-16 1.517820e-16)
    (1.792800e-16 1.551460e-16)
    (1.811280e-16 1.585370e-16)
    (1.830120e-16 1.619900e-16)
    (1.849080e-16 1.654800e-16)
    (1.868030e-16 1.690180e-16)
    (1.886960e-16 1.726050e-16)
    (1.905880e-16 1.762420e-16)
    (1.924800e-16 1.799180e-16)
    (1.943770e-16 1.836130e-16)
    (1.962680e-16 1.873470e-16)
    (1.981560e-16 1.911180e-16)
    (2.000440e-16 1.949390e-16)
    (2.018880e-16 1.987450e-16)
    (2.037390e-16 2.025980e-16)
    (2.056280e-16 2.065340e-16)
    (2.075170e-16 2.105200e-16)
    (2.094040e-16 2.145580e-16)
    (2.112990e-16 2.186110e-16)
    (2.131920e-16 2.226920e-16)
    (2.150840e-16 2.268190e-16)
    (2.169750e-16 2.309870e-16)
    (2.188640e-16 2.352040e-16)
    (2.207520e-16 2.394750e-16)
    (2.226410e-16 2.437760e-16)
    (2.245330e-16 2.481200e-16)
    (2.263720e-16 2.524600e-16)
    (2.282140e-16 2.568480e-16)
    (2.300960e-16 2.612720e-16)
    (2.320120e-16 2.658310e-16)
    (2.339040e-16 2.703420e-16)
    (2.357540e-16 2.748430e-16)
    (2.375890e-16 2.793820e-16)
    (2.394630e-16 2.840170e-16)
    (2.413480e-16 2.887180e-16)
    (2.432330e-16 2.934720e-16)
    (2.451140e-16 2.982700e-16)
    (2.469920e-16 3.030870e-16)
    (2.488690e-16 3.079590e-16)
    (2.507380e-16 3.128730e-16)
    (2.526040e-16 3.177960e-16)
    (2.544780e-16 3.227290e-16)
    (2.563540e-16 3.276970e-16)
    (2.582320e-16 3.327250e-16)
    (2.601110e-16 3.378150e-16)
    (2.619860e-16 3.429500e-16)
    (2.637890e-16 3.480380e-16)
    (2.656000e-16 3.531710e-16)
    (2.674570e-16 3.584160e-16)
    (2.693140e-16 3.637080e-16)
    (2.711710e-16 3.690500e-16)
    (2.730270e-16 3.744520e-16)
    (2.748830e-16 3.799110e-16)
    (2.767480e-16 3.853160e-16)
    (2.786140e-16 3.907570e-16)
    (2.804790e-16 3.962550e-16)
    (2.823410e-16 4.018010e-16)
    (2.842010e-16 4.073710e-16)
    (2.860610e-16 4.129980e-16)
    (2.879240e-16 4.186880e-16)
    (2.897870e-16 4.244340e-16)
    (2.916400e-16 4.302280e-16)
    (2.934150e-16 4.359680e-16)
    (2.951930e-16 4.417540e-16)
    (2.970150e-16 4.476500e-16)
    (2.988420e-16 4.536010e-16)
    (3.006780e-16 4.595350e-16)
    (3.025100e-16 4.654690e-16)
    (3.043390e-16 4.714120e-16)
    (3.061690e-16 4.774140e-16)
    (3.079990e-16 4.834800e-16)
    (3.098290e-16 4.896050e-16)
    (3.116590e-16 4.957870e-16)
    (3.134840e-16 5.020060e-16)
    (3.153080e-16 5.082790e-16)
    (3.171340e-16 5.146160e-16)
    (3.189620e-16 5.210160e-16)
    (3.207880e-16 5.274760e-16)
    (3.225260e-16 5.336800e-16)
);

