/*--------------------------------*- C++ -*----------------------------------*\ 
| =========                 |                                                 |
| \\      /  F ield         | OpenFOAM: The Open Source CFD Toolbox           |
|  \\    /   O peration     | Version:  2406                                  |
|   \\  /    A nd           | Website:  www.openfoam.com                      |
|    \\/     M anipulation  |                                                 |
\*---------------------------------------------------------------------------*/
FoamFile
{
    version     2.0;
    format      ascii;
    class       dictionary;
    object      bolsigProperties;
}
// * * * * * * * * * * * * * * * * * * * * * * * * * * * * * * * * * * * * * //

EN
(
    0.010000
    10.043400
    20.076800
    30.110200
    40.143600
    50.177100
    60.210500
    70.243900
    80.277300
    90.310700
    100.344000
    110.378000
    120.411000
    130.444000
    140.478000
    150.511000
    160.545000
    170.578000
    180.611000
    190.645000
    200.678000
    210.712000
    220.745000
    230.778000
    240.812000
    250.845000
    260.879000
    270.912000
    280.946000
    290.979000
    301.012000
    311.046000
    321.079000
    331.113000
    341.146000
    351.179000
    361.213000
    371.246000
    381.280000
    391.313000
    401.346000
    411.380000
    421.413000
    431.447000
    441.480000
    451.514000
    461.547000
    471.580000
    481.614000
    491.647000
    501.681000
    511.714000
    521.747000
    531.781000
    541.814000
    551.848000
    561.881000
    571.914000
    581.948000
    591.981000
    602.015000
    612.048000
    622.081000
    632.115000
    642.148000
    652.182000
    662.215000
    672.249000
    682.282000
    692.315000
    702.349000
    712.382000
    722.416000
    732.449000
    742.482000
    752.516000
    762.549000
    772.583000
    782.616000
    792.649000
    802.683000
    812.716000
    822.750000
    832.783000
    842.817000
    852.850000
    862.883000
    872.917000
    882.950000
    892.984000
    903.017000
    913.050000
    923.084000
    933.117000
    943.151000
    953.184000
    963.217000
    973.251000
    983.284000
    993.318000
    1003.350000
    1013.380000
    1023.420000
    1033.450000
    1043.480000
    1053.520000
    1063.550000
    1073.580000
    1083.620000
    1093.650000
    1103.690000
    1113.720000
    1123.750000
    1133.790000
    1143.820000
    1153.850000
    1163.890000
    1173.920000
    1183.950000
    1193.990000
    1204.020000
    1214.050000
    1224.090000
    1234.120000
    1244.150000
    1254.190000
    1264.220000
    1274.250000
    1284.290000
    1294.320000
    1304.350000
    1314.390000
    1324.420000
    1334.450000
    1344.490000
    1354.520000
    1364.550000
    1374.590000
    1384.620000
    1394.650000
    1404.690000
    1414.720000
    1424.750000
    1434.790000
    1444.820000
    1454.850000
    1464.890000
    1474.920000
    1484.950000
    1494.990000
    1505.020000
    1515.060000
    1525.090000
    1535.120000
    1545.160000
    1555.190000
    1565.220000
    1575.260000
    1585.290000
    1595.320000
    1605.360000
    1615.390000
    1625.420000
    1635.460000
    1645.490000
    1655.520000
    1665.560000
    1675.590000
    1685.620000
    1695.660000
    1705.690000
    1715.720000
    1725.760000
    1735.790000
    1745.820000
    1755.860000
    1765.890000
    1775.920000
    1785.960000
    1795.990000
    1806.020000
    1816.060000
    1826.090000
    1836.120000
    1846.160000
    1856.190000
    1866.220000
    1876.260000
    1886.290000
    1896.320000
    1906.360000
    1916.390000
    1926.420000
    1936.460000
    1946.490000
    1956.530000
    1966.560000
    1976.590000
    1986.630000
    1996.660000
    2006.690000
    2016.730000
    2026.760000
    2036.790000
    2046.830000
    2056.860000
    2066.890000
    2076.930000
    2086.960000
    2096.990000
    2107.030000
    2117.060000
    2127.090000
    2137.130000
    2147.160000
    2157.190000
    2167.230000
    2177.260000
    2187.290000
    2197.330000
    2207.360000
    2217.390000
    2227.430000
    2237.460000
    2247.490000
    2257.530000
    2267.560000
    2277.590000
    2287.630000
    2297.660000
    2307.690000
    2317.730000
    2327.760000
    2337.790000
    2347.830000
    2357.860000
    2367.900000
    2377.930000
    2387.960000
    2398.000000
    2408.030000
    2418.060000
    2428.100000
    2438.130000
    2448.160000
    2458.200000
    2468.230000
    2478.260000
    2488.300000
    2498.330000
    2508.360000
    2518.400000
    2528.430000
    2538.460000
    2548.500000
    2558.530000
    2568.560000
    2578.600000
    2588.630000
    2598.660000
    2608.700000
    2618.730000
    2628.760000
    2638.800000
    2648.830000
    2658.860000
    2668.900000
    2678.930000
    2688.960000
    2699.000000
    2709.030000
    2719.060000
    2729.100000
    2739.130000
    2749.160000
    2759.200000
    2769.230000
    2779.260000
    2789.300000
    2799.330000
    2809.370000
    2819.400000
    2829.430000
    2839.470000
    2849.500000
    2859.530000
    2869.570000
    2879.600000
    2889.630000
    2899.670000
    2909.700000
    2919.730000
    2929.770000
    2939.800000
    2949.830000
    2959.870000
    2969.900000
    2979.930000
    2989.970000
    3000.000000
);

meanEnergy
(
    5.222130e-02
    4.634630e+00
    5.200260e+00
    5.596340e+00
    5.928690e+00
    6.222530e+00
    6.492300e+00
    6.743820e+00
    6.979820e+00
    7.206390e+00
    7.425280e+00
    7.634050e+00
    7.836290e+00
    8.031850e+00
    8.220160e+00
    8.405750e+00
    8.587100e+00
    8.766760e+00
    8.940740e+00
    9.111650e+00
    9.278010e+00
    9.443680e+00
    9.607040e+00
    9.768600e+00
    9.927860e+00
    1.008530e+01
    1.024020e+01
    1.039460e+01
    1.054750e+01
    1.069920e+01
    1.085070e+01
    1.100010e+01
    1.114840e+01
    1.129580e+01
    1.143960e+01
    1.158540e+01
    1.173050e+01
    1.187490e+01
    1.202270e+01
    1.216570e+01
    1.230820e+01
    1.245010e+01
    1.258740e+01
    1.272850e+01
    1.286920e+01
    1.300940e+01
    1.314940e+01
    1.329050e+01
    1.342970e+01
    1.356860e+01
    1.370710e+01
    1.384550e+01
    1.398180e+01
    1.411970e+01
    1.425740e+01
    1.439480e+01
    1.453210e+01
    1.466920e+01
    1.480570e+01
    1.494260e+01
    1.507930e+01
    1.521590e+01
    1.535250e+01
    1.548890e+01
    1.562580e+01
    1.576200e+01
    1.589810e+01
    1.603420e+01
    1.617020e+01
    1.630620e+01
    1.644030e+01
    1.657620e+01
    1.671210e+01
    1.684790e+01
    1.698380e+01
    1.711960e+01
    1.725040e+01
    1.738630e+01
    1.752220e+01
    1.765810e+01
    1.779410e+01
    1.793000e+01
    1.806600e+01
    1.820550e+01
    1.834150e+01
    1.847740e+01
    1.861350e+01
    1.874950e+01
    1.888560e+01
    1.902180e+01
    1.915480e+01
    1.929110e+01
    1.942740e+01
    1.956380e+01
    1.970020e+01
    1.983680e+01
    1.997340e+01
    2.010500e+01
    2.024180e+01
    2.037870e+01
    2.051570e+01
    2.065280e+01
    2.079000e+01
    2.092720e+01
    2.106460e+01
    2.120230e+01
    2.133990e+01
    2.147760e+01
    2.161530e+01
    2.175320e+01
    2.189120e+01
    2.202930e+01
    2.216750e+01
    2.230290e+01
    2.244140e+01
    2.257990e+01
    2.271860e+01
    2.285740e+01
    2.299630e+01
    2.313530e+01
    2.327450e+01
    2.341370e+01
    2.355360e+01
    2.369300e+01
    2.383260e+01
    2.397240e+01
    2.411220e+01
    2.425220e+01
    2.439230e+01
    2.453260e+01
    2.467300e+01
    2.480150e+01
    2.494220e+01
    2.508290e+01
    2.522390e+01
    2.536490e+01
    2.550610e+01
    2.564750e+01
    2.578900e+01
    2.593070e+01
    2.607460e+01
    2.621660e+01
    2.635870e+01
    2.650100e+01
    2.664350e+01
    2.678610e+01
    2.692890e+01
    2.707180e+01
    2.721490e+01
    2.735810e+01
    2.750150e+01
    2.763970e+01
    2.778350e+01
    2.792750e+01
    2.807160e+01
    2.821590e+01
    2.836030e+01
    2.850490e+01
    2.864970e+01
    2.879460e+01
    2.893980e+01
    2.908340e+01
    2.922880e+01
    2.937440e+01
    2.952020e+01
    2.966620e+01
    2.981230e+01
    2.995860e+01
    3.010500e+01
    3.025170e+01
    3.039850e+01
    3.054540e+01
    3.069260e+01
    3.082610e+01
    3.097370e+01
    3.112140e+01
    3.126930e+01
    3.141740e+01
    3.156570e+01
    3.171410e+01
    3.186270e+01
    3.201150e+01
    3.216050e+01
    3.230970e+01
    3.245900e+01
    3.261600e+01
    3.276570e+01
    3.291560e+01
    3.306560e+01
    3.321590e+01
    3.336630e+01
    3.351690e+01
    3.366770e+01
    3.381870e+01
    3.396990e+01
    3.412120e+01
    3.427280e+01
    3.442450e+01
    3.453950e+01
    3.469150e+01
    3.484370e+01
    3.499600e+01
    3.514860e+01
    3.530130e+01
    3.545430e+01
    3.560740e+01
    3.576070e+01
    3.591420e+01
    3.606790e+01
    3.622180e+01
    3.637590e+01
    3.653020e+01
    3.668470e+01
    3.683930e+01
    3.699420e+01
    3.714930e+01
    3.730450e+01
    3.746000e+01
    3.761560e+01
    3.777140e+01
    3.792750e+01
    3.808370e+01
    3.824020e+01
    3.839680e+01
    3.855360e+01
    3.871070e+01
    3.886790e+01
    3.902530e+01
    3.918290e+01
    3.934080e+01
    3.949880e+01
    3.965700e+01
    3.981540e+01
    3.997410e+01
    4.013290e+01
    4.029190e+01
    4.045120e+01
    4.061060e+01
    4.077020e+01
    4.093010e+01
    4.109010e+01
    4.125040e+01
    4.141080e+01
    4.157150e+01
    4.173240e+01
    4.189340e+01
    4.205470e+01
    4.221620e+01
    4.237790e+01
    4.253970e+01
    4.270180e+01
    4.286420e+01
    4.302670e+01
    4.318940e+01
    4.335230e+01
    4.351540e+01
    4.367880e+01
    4.384230e+01
    4.400610e+01
    4.417010e+01
    4.433430e+01
    4.449870e+01
    4.466330e+01
    4.482810e+01
    4.499310e+01
    4.515830e+01
    4.532380e+01
    4.548940e+01
    4.565530e+01
    4.582140e+01
    4.598770e+01
    4.615420e+01
    4.632090e+01
    4.648790e+01
    4.665500e+01
    4.682240e+01
    4.698990e+01
    4.715770e+01
    4.732580e+01
    4.749400e+01
    4.766240e+01
    4.783110e+01
    4.800000e+01
    4.816900e+01
    4.833840e+01
    4.850790e+01
    4.867760e+01
    4.884760e+01
    4.901780e+01
    4.918820e+01
    4.935880e+01
    4.952960e+01
    4.970070e+01
    4.987200e+01
    5.004350e+01
    5.021520e+01
    5.038710e+01
    5.055930e+01
    5.073170e+01
    5.090430e+01
);

electronMobility
(
    1.066708e+00
    4.277828e-02
    4.115134e-02
    4.012097e-02
    3.935521e-02
    3.871061e-02
    3.815475e-02
    3.764692e-02
    3.716926e-02
    3.674307e-02
    3.635432e-02
    3.597310e-02
    3.561125e-02
    3.526513e-02
    3.492188e-02
    3.460651e-02
    3.430401e-02
    3.402224e-02
    3.374198e-02
    3.347227e-02
    3.320309e-02
    3.295337e-02
    3.271223e-02
    3.247559e-02
    3.225027e-02
    3.203218e-02
    3.181422e-02
    3.160959e-02
    3.141100e-02
    3.121814e-02
    3.103166e-02
    3.084918e-02
    3.067160e-02
    3.049869e-02
    3.031658e-02
    3.015299e-02
    2.999332e-02
    2.983745e-02
    2.969896e-02
    2.954938e-02
    2.940312e-02
    2.926005e-02
    2.910451e-02
    2.896810e-02
    2.883443e-02
    2.870342e-02
    2.857498e-02
    2.844887e-02
    2.832501e-02
    2.820348e-02
    2.808416e-02
    2.796700e-02
    2.784421e-02
    2.773126e-02
    2.762019e-02
    2.751101e-02
    2.740366e-02
    2.729804e-02
    2.719212e-02
    2.708997e-02
    2.698937e-02
    2.689036e-02
    2.679283e-02
    2.669676e-02
    2.659911e-02
    2.650582e-02
    2.641389e-02
    2.632326e-02
    2.623390e-02
    2.614581e-02
    2.605147e-02
    2.596583e-02
    2.588133e-02
    2.579798e-02
    2.571574e-02
    2.563459e-02
    2.553718e-02
    2.545857e-02
    2.538095e-02
    2.530430e-02
    2.522859e-02
    2.515383e-02
    2.508000e-02
    2.501394e-02
    2.494155e-02
    2.487005e-02
    2.479942e-02
    2.472964e-02
    2.466064e-02
    2.459245e-02
    2.451319e-02
    2.444668e-02
    2.438091e-02
    2.431587e-02
    2.425157e-02
    2.418797e-02
    2.412510e-02
    2.404624e-02
    2.398505e-02
    2.392455e-02
    2.386470e-02
    2.380547e-02
    2.374689e-02
    2.368893e-02
    2.363154e-02
    2.357566e-02
    2.351945e-02
    2.346381e-02
    2.340875e-02
    2.335422e-02
    2.330026e-02
    2.324683e-02
    2.319394e-02
    2.313037e-02
    2.307862e-02
    2.302740e-02
    2.297667e-02
    2.292643e-02
    2.287664e-02
    2.282735e-02
    2.277854e-02
    2.273018e-02
    2.268264e-02
    2.263502e-02
    2.258784e-02
    2.254112e-02
    2.249480e-02
    2.244894e-02
    2.240348e-02
    2.235840e-02
    2.231376e-02
    2.223593e-02
    2.219231e-02
    2.214906e-02
    2.210618e-02
    2.206367e-02
    2.202152e-02
    2.197978e-02
    2.193838e-02
    2.189729e-02
    2.186537e-02
    2.182498e-02
    2.178492e-02
    2.174519e-02
    2.170578e-02
    2.166670e-02
    2.162795e-02
    2.158948e-02
    2.155134e-02
    2.151353e-02
    2.147601e-02
    2.142450e-02
    2.138783e-02
    2.135145e-02
    2.131531e-02
    2.127951e-02
    2.124394e-02
    2.120866e-02
    2.117367e-02
    2.113893e-02
    2.110447e-02
    2.105827e-02
    2.102443e-02
    2.099083e-02
    2.095747e-02
    2.092436e-02
    2.089149e-02
    2.085887e-02
    2.082650e-02
    2.079433e-02
    2.076244e-02
    2.073076e-02
    2.069929e-02
    2.064995e-02
    2.061908e-02
    2.058847e-02
    2.055805e-02
    2.052784e-02
    2.049784e-02
    2.046804e-02
    2.043844e-02
    2.040905e-02
    2.037991e-02
    2.035092e-02
    2.032211e-02
    2.029819e-02
    2.026982e-02
    2.024166e-02
    2.021366e-02
    2.018582e-02
    2.015818e-02
    2.013076e-02
    2.010349e-02
    2.007639e-02
    2.004949e-02
    2.002272e-02
    1.999615e-02
    1.996978e-02
    1.989146e-02
    1.986554e-02
    1.983983e-02
    1.981428e-02
    1.978889e-02
    1.976363e-02
    1.973857e-02
    1.971364e-02
    1.968887e-02
    1.966426e-02
    1.963981e-02
    1.961553e-02
    1.959137e-02
    1.956738e-02
    1.954350e-02
    1.951980e-02
    1.949621e-02
    1.947279e-02
    1.944953e-02
    1.942635e-02
    1.940333e-02
    1.938048e-02
    1.935776e-02
    1.933515e-02
    1.931267e-02
    1.929035e-02
    1.926815e-02
    1.924608e-02
    1.922413e-02
    1.920230e-02
    1.918059e-02
    1.915901e-02
    1.913759e-02
    1.911625e-02
    1.909503e-02
    1.907398e-02
    1.905301e-02
    1.903216e-02
    1.901144e-02
    1.899079e-02
    1.897031e-02
    1.894992e-02
    1.892964e-02
    1.890949e-02
    1.888946e-02
    1.886951e-02
    1.884968e-02
    1.882994e-02
    1.881032e-02
    1.879082e-02
    1.877140e-02
    1.875211e-02
    1.873294e-02
    1.871385e-02
    1.869484e-02
    1.867595e-02
    1.865715e-02
    1.863847e-02
    1.861987e-02
    1.860135e-02
    1.858296e-02
    1.856468e-02
    1.854645e-02
    1.852834e-02
    1.851032e-02
    1.849241e-02
    1.847455e-02
    1.845681e-02
    1.843915e-02
    1.842161e-02
    1.840412e-02
    1.838674e-02
    1.836945e-02
    1.835224e-02
    1.833511e-02
    1.831807e-02
    1.830110e-02
    1.828422e-02
    1.826746e-02
    1.825074e-02
    1.823415e-02
    1.821759e-02
    1.820116e-02
    1.818476e-02
    1.816845e-02
    1.815227e-02
    1.813612e-02
    1.812006e-02
    1.810407e-02
    1.808817e-02
    1.807235e-02
    1.805661e-02
    1.804092e-02
    1.802534e-02
    1.800981e-02
    1.799436e-02
    1.797899e-02
    1.796366e-02
    1.794845e-02
    1.793328e-02
    1.791820e-02
    1.790320e-02
);

electronDiffusivity
(
    4.560866e-02
    1.475777e-01
    1.576537e-01
    1.646753e-01
    1.705384e-01
    1.756170e-01
    1.802285e-01
    1.844328e-01
    1.882867e-01
    1.919862e-01
    1.955577e-01
    1.988549e-01
    2.020569e-01
    2.050442e-01
    2.077495e-01
    2.105071e-01
    2.131625e-01
    2.158699e-01
    2.183438e-01
    2.207425e-01
    2.229708e-01
    2.252436e-01
    2.274584e-01
    2.296163e-01
    2.317272e-01
    2.337928e-01
    2.358216e-01
    2.378045e-01
    2.397516e-01
    2.416642e-01
    2.435013e-01
    2.453531e-01
    2.471770e-01
    2.489748e-01
    2.506365e-01
    2.523902e-01
    2.541214e-01
    2.558317e-01
    2.579013e-01
    2.595655e-01
    2.612124e-01
    2.628426e-01
    2.640342e-01
    2.656436e-01
    2.672382e-01
    2.688186e-01
    2.703863e-01
    2.721420e-01
    2.736802e-01
    2.752070e-01
    2.767231e-01
    2.782291e-01
    2.797718e-01
    2.812573e-01
    2.827342e-01
    2.842022e-01
    2.856619e-01
    2.871139e-01
    2.884351e-01
    2.898764e-01
    2.913112e-01
    2.927391e-01
    2.941608e-01
    2.955760e-01
    2.969663e-01
    2.983700e-01
    2.997684e-01
    3.011620e-01
    3.025502e-01
    3.039335e-01
    3.054149e-01
    3.067880e-01
    3.081562e-01
    3.095207e-01
    3.108815e-01
    3.122386e-01
    3.133538e-01
    3.147081e-01
    3.160591e-01
    3.174072e-01
    3.187517e-01
    3.200937e-01
    3.214333e-01
    3.232107e-01
    3.245404e-01
    3.258677e-01
    3.271934e-01
    3.285166e-01
    3.298378e-01
    3.311573e-01
    3.321429e-01
    3.334620e-01
    3.347795e-01
    3.360954e-01
    3.374096e-01
    3.387226e-01
    3.400340e-01
    3.412313e-01
    3.425426e-01
    3.438536e-01
    3.451629e-01
    3.464718e-01
    3.477795e-01
    3.490864e-01
    3.503924e-01
    3.518579e-01
    3.531631e-01
    3.544683e-01
    3.557724e-01
    3.570759e-01
    3.583791e-01
    3.596819e-01
    3.609843e-01
    3.623557e-01
    3.636585e-01
    3.649605e-01
    3.662624e-01
    3.675644e-01
    3.688663e-01
    3.701679e-01
    3.714695e-01
    3.727710e-01
    3.746996e-01
    3.759963e-01
    3.772929e-01
    3.785896e-01
    3.798866e-01
    3.811841e-01
    3.824815e-01
    3.837794e-01
    3.850777e-01
    3.859664e-01
    3.872659e-01
    3.885654e-01
    3.898657e-01
    3.911660e-01
    3.924672e-01
    3.937687e-01
    3.950707e-01
    3.963735e-01
    3.979518e-01
    3.992586e-01
    4.005659e-01
    4.018736e-01
    4.031821e-01
    4.044910e-01
    4.058007e-01
    4.071109e-01
    4.084218e-01
    4.097352e-01
    4.110474e-01
    4.118813e-01
    4.132017e-01
    4.145261e-01
    4.158465e-01
    4.171709e-01
    4.184954e-01
    4.198198e-01
    4.211483e-01
    4.224728e-01
    4.238013e-01
    4.251503e-01
    4.264829e-01
    4.278155e-01
    4.291481e-01
    4.304848e-01
    4.318174e-01
    4.331542e-01
    4.344909e-01
    4.358276e-01
    4.371684e-01
    4.385051e-01
    4.398459e-01
    4.415709e-01
    4.429117e-01
    4.442566e-01
    4.456015e-01
    4.469463e-01
    4.482912e-01
    4.496402e-01
    4.509851e-01
    4.523341e-01
    4.536830e-01
    4.550361e-01
    4.563891e-01
    4.590298e-01
    4.603788e-01
    4.617319e-01
    4.630849e-01
    4.644380e-01
    4.657910e-01
    4.671482e-01
    4.685053e-01
    4.698625e-01
    4.712237e-01
    4.725849e-01
    4.739462e-01
    4.753074e-01
    4.761127e-01
    4.774739e-01
    4.788393e-01
    4.802005e-01
    4.815658e-01
    4.829352e-01
    4.843005e-01
    4.856700e-01
    4.870434e-01
    4.884129e-01
    4.897864e-01
    4.911639e-01
    4.925374e-01
    4.939150e-01
    4.952926e-01
    4.966743e-01
    4.980519e-01
    4.994376e-01
    5.008193e-01
    5.022051e-01
    5.035908e-01
    5.049807e-01
    5.063664e-01
    5.077563e-01
    5.091502e-01
    5.105441e-01
    5.119381e-01
    5.133320e-01
    5.147300e-01
    5.161281e-01
    5.175302e-01
    5.189323e-01
    5.203344e-01
    5.217365e-01
    5.231427e-01
    5.245489e-01
    5.259592e-01
    5.273695e-01
    5.287798e-01
    5.301941e-01
    5.316085e-01
    5.330229e-01
    5.344413e-01
    5.358598e-01
    5.372783e-01
    5.387008e-01
    5.401234e-01
    5.415459e-01
    5.429725e-01
    5.443992e-01
    5.458299e-01
    5.472606e-01
    5.486914e-01
    5.501262e-01
    5.515610e-01
    5.529958e-01
    5.544347e-01
    5.558736e-01
    5.573125e-01
    5.587555e-01
    5.601985e-01
    5.616456e-01
    5.630926e-01
    5.645397e-01
    5.659909e-01
    5.674420e-01
    5.688973e-01
    5.703525e-01
    5.718078e-01
    5.732671e-01
    5.747265e-01
    5.761858e-01
    5.776492e-01
    5.791127e-01
    5.805802e-01
    5.820477e-01
    5.835193e-01
    5.849868e-01
    5.864625e-01
    5.879341e-01
    5.894098e-01
    5.908896e-01
    5.923694e-01
    5.938491e-01
    5.953330e-01
    5.968169e-01
    5.983007e-01
    5.997887e-01
    6.012767e-01
    6.027687e-01
    6.042607e-01
    6.057569e-01
    6.072530e-01
    6.087491e-01
    6.102493e-01
    6.117496e-01
    6.132539e-01
    6.147582e-01
    6.162625e-01
    6.177709e-01
    6.192793e-01
    6.207917e-01
);

energyMobility
(
    1.396396e+00
    6.540827e-02
    6.206078e-02
    6.026052e-02
    5.898227e-02
    5.795828e-02
    5.709289e-02
    5.632030e-02
    5.562170e-02
    5.499054e-02
    5.441008e-02
    5.386354e-02
    5.334848e-02
    5.286408e-02
    5.240216e-02
    5.196558e-02
    5.154944e-02
    5.115211e-02
    5.076990e-02
    5.040323e-02
    5.004841e-02
    4.970790e-02
    4.937924e-02
    4.905671e-02
    4.874890e-02
    4.845049e-02
    4.815658e-02
    4.787493e-02
    4.760105e-02
    4.733412e-02
    4.707332e-02
    4.681947e-02
    4.657175e-02
    4.632975e-02
    4.609061e-02
    4.585965e-02
    4.563360e-02
    4.541245e-02
    4.520152e-02
    4.498896e-02
    4.478089e-02
    4.457650e-02
    4.437211e-02
    4.417549e-02
    4.398295e-02
    4.379369e-02
    4.360769e-02
    4.342252e-02
    4.324347e-02
    4.306729e-02
    4.289437e-02
    4.272432e-02
    4.255468e-02
    4.239076e-02
    4.222888e-02
    4.206987e-02
    4.191371e-02
    4.175960e-02
    4.161367e-02
    4.146447e-02
    4.131771e-02
    4.117342e-02
    4.103116e-02
    4.089136e-02
    4.075368e-02
    4.061801e-02
    4.048438e-02
    4.035279e-02
    4.022309e-02
    4.009534e-02
    3.996437e-02
    3.984022e-02
    3.971792e-02
    3.959733e-02
    3.947846e-02
    3.936130e-02
    3.924647e-02
    3.913287e-02
    3.902083e-02
    3.891029e-02
    3.880127e-02
    3.869372e-02
    3.858760e-02
    3.848770e-02
    3.838428e-02
    3.828216e-02
    3.818144e-02
    3.808199e-02
    3.798384e-02
    3.788692e-02
    3.778268e-02
    3.768821e-02
    3.759488e-02
    3.750275e-02
    3.741175e-02
    3.732182e-02
    3.723303e-02
    3.714858e-02
    3.706221e-02
    3.697689e-02
    3.689256e-02
    3.680921e-02
    3.672684e-02
    3.664537e-02
    3.656489e-02
    3.649359e-02
    3.641474e-02
    3.633675e-02
    3.625965e-02
    3.618337e-02
    3.610791e-02
    3.603331e-02
    3.595948e-02
    3.589036e-02
    3.581813e-02
    3.574663e-02
    3.567587e-02
    3.560585e-02
    3.553656e-02
    3.546797e-02
    3.540007e-02
    3.533283e-02
    3.527041e-02
    3.520435e-02
    3.513894e-02
    3.507415e-02
    3.501001e-02
    3.494649e-02
    3.488354e-02
    3.482120e-02
    3.475943e-02
    3.467273e-02
    3.461239e-02
    3.455263e-02
    3.449344e-02
    3.443474e-02
    3.437657e-02
    3.431893e-02
    3.426183e-02
    3.420517e-02
    3.417418e-02
    3.411834e-02
    3.406296e-02
    3.400806e-02
    3.395361e-02
    3.389961e-02
    3.384606e-02
    3.379296e-02
    3.374031e-02
    3.368806e-02
    3.363627e-02
    3.359826e-02
    3.354732e-02
    3.349680e-02
    3.344664e-02
    3.339693e-02
    3.334755e-02
    3.329858e-02
    3.325002e-02
    3.320178e-02
    3.315391e-02
    3.311340e-02
    3.306623e-02
    3.301947e-02
    3.297299e-02
    3.292688e-02
    3.288109e-02
    3.283564e-02
    3.279055e-02
    3.274575e-02
    3.270127e-02
    3.265712e-02
    3.261326e-02
    3.257893e-02
    3.253584e-02
    3.249304e-02
    3.245057e-02
    3.240838e-02
    3.236644e-02
    3.232483e-02
    3.228346e-02
    3.224238e-02
    3.220158e-02
    3.216107e-02
    3.212081e-02
    3.211279e-02
    3.207282e-02
    3.203308e-02
    3.199359e-02
    3.195439e-02
    3.191540e-02
    3.187668e-02
    3.183822e-02
    3.180000e-02
    3.176198e-02
    3.172421e-02
    3.168672e-02
    3.164940e-02
    3.156834e-02
    3.153196e-02
    3.149583e-02
    3.145989e-02
    3.142421e-02
    3.138873e-02
    3.135345e-02
    3.131837e-02
    3.128355e-02
    3.124888e-02
    3.121446e-02
    3.118025e-02
    3.114620e-02
    3.111239e-02
    3.107879e-02
    3.104535e-02
    3.101212e-02
    3.097909e-02
    3.094622e-02
    3.091356e-02
    3.088110e-02
    3.084881e-02
    3.081672e-02
    3.078480e-02
    3.075307e-02
    3.072152e-02
    3.069012e-02
    3.065893e-02
    3.062791e-02
    3.059708e-02
    3.056639e-02
    3.053589e-02
    3.050556e-02
    3.047539e-02
    3.044539e-02
    3.041555e-02
    3.038587e-02
    3.035635e-02
    3.032700e-02
    3.029782e-02
    3.026879e-02
    3.023993e-02
    3.021120e-02
    3.018266e-02
    3.015425e-02
    3.012601e-02
    3.009788e-02
    3.006996e-02
    3.004217e-02
    3.001449e-02
    2.998698e-02
    2.995963e-02
    2.993241e-02
    2.990535e-02
    2.987841e-02
    2.985164e-02
    2.982502e-02
    2.979849e-02
    2.977213e-02
    2.974593e-02
    2.971985e-02
    2.969389e-02
    2.966805e-02
    2.964238e-02
    2.961683e-02
    2.959141e-02
    2.956614e-02
    2.954096e-02
    2.951595e-02
    2.949105e-02
    2.946628e-02
    2.944163e-02
    2.941714e-02
    2.939274e-02
    2.936850e-02
    2.934434e-02
    2.932035e-02
    2.929643e-02
    2.927268e-02
    2.924901e-02
    2.922551e-02
    2.920209e-02
    2.917879e-02
    2.915561e-02
    2.913255e-02
    2.910962e-02
    2.908681e-02
    2.906408e-02
    2.904152e-02
    2.901904e-02
    2.899663e-02
    2.897440e-02
    2.895224e-02
    2.893021e-02
    2.890830e-02
    2.888647e-02
    2.886480e-02
    2.884318e-02
    2.882172e-02
    2.880034e-02
    2.877904e-02
    2.875791e-02
);

energyDiffusivity
(
    4.771878e-02
    1.994689e-01
    2.118295e-01
    2.195305e-01
    2.255853e-01
    2.308185e-01
    2.355702e-01
    2.399004e-01
    2.439681e-01
    2.478777e-01
    2.516466e-01
    2.552475e-01
    2.587103e-01
    2.620917e-01
    2.653595e-01
    2.685762e-01
    2.717230e-01
    2.748150e-01
    2.778403e-01
    2.808146e-01
    2.837382e-01
    2.866238e-01
    2.894693e-01
    2.922387e-01
    2.950135e-01
    2.977564e-01
    3.004331e-01
    3.031200e-01
    3.057808e-01
    3.084170e-01
    3.110062e-01
    3.135982e-01
    3.161703e-01
    3.187231e-01
    3.212383e-01
    3.237572e-01
    3.262598e-01
    3.287468e-01
    3.313180e-01
    3.337747e-01
    3.362184e-01
    3.386498e-01
    3.409991e-01
    3.434097e-01
    3.458100e-01
    3.482005e-01
    3.505821e-01
    3.529456e-01
    3.553104e-01
    3.576674e-01
    3.600175e-01
    3.623606e-01
    3.646621e-01
    3.669946e-01
    3.693217e-01
    3.716436e-01
    3.739610e-01
    3.762742e-01
    3.786840e-01
    3.809899e-01
    3.832930e-01
    3.855932e-01
    3.878905e-01
    3.901858e-01
    3.924615e-01
    3.947551e-01
    3.970476e-01
    3.993388e-01
    4.016287e-01
    4.039179e-01
    4.061985e-01
    4.084860e-01
    4.107735e-01
    4.130586e-01
    4.153478e-01
    4.176369e-01
    4.199056e-01
    4.221989e-01
    4.244962e-01
    4.267936e-01
    4.290909e-01
    4.313923e-01
    4.336937e-01
    4.361750e-01
    4.384765e-01
    4.407820e-01
    4.430916e-01
    4.454012e-01
    4.477108e-01
    4.500245e-01
    4.522114e-01
    4.545292e-01
    4.568511e-01
    4.591770e-01
    4.615030e-01
    4.638330e-01
    4.661630e-01
    4.685871e-01
    4.709294e-01
    4.732799e-01
    4.756303e-01
    4.779849e-01
    4.803436e-01
    4.827022e-01
    4.850690e-01
    4.877057e-01
    4.900766e-01
    4.924475e-01
    4.948225e-01
    4.972016e-01
    4.995848e-01
    5.019720e-01
    5.043634e-01
    5.068978e-01
    5.092974e-01
    5.117010e-01
    5.141087e-01
    5.165164e-01
    5.189323e-01
    5.213482e-01
    5.237681e-01
    5.261922e-01
    5.288779e-01
    5.313101e-01
    5.337423e-01
    5.361786e-01
    5.386191e-01
    5.410595e-01
    5.435080e-01
    5.459607e-01
    5.484134e-01
    5.504900e-01
    5.529549e-01
    5.554239e-01
    5.578971e-01
    5.603743e-01
    5.628555e-01
    5.653368e-01
    5.678263e-01
    5.703198e-01
    5.735574e-01
    5.760591e-01
    5.785608e-01
    5.810707e-01
    5.835806e-01
    5.860946e-01
    5.886127e-01
    5.911349e-01
    5.936611e-01
    5.961914e-01
    5.987259e-01
    6.017181e-01
    6.042648e-01
    6.068156e-01
    6.093705e-01
    6.119294e-01
    6.144884e-01
    6.170555e-01
    6.196226e-01
    6.221979e-01
    6.247733e-01
    6.278677e-01
    6.304553e-01
    6.330469e-01
    6.356386e-01
    6.382384e-01
    6.408383e-01
    6.434463e-01
    6.460543e-01
    6.486664e-01
    6.512866e-01
    6.539069e-01
    6.565313e-01
    6.598178e-01
    6.624586e-01
    6.651034e-01
    6.677522e-01
    6.704052e-01
    6.730582e-01
    6.757193e-01
    6.783846e-01
    6.810498e-01
    6.837232e-01
    6.864007e-01
    6.890782e-01
    6.931210e-01
    6.958026e-01
    6.984924e-01
    7.011862e-01
    7.038801e-01
    7.065821e-01
    7.092882e-01
    7.119944e-01
    7.147086e-01
    7.174229e-01
    7.201454e-01
    7.228679e-01
    7.255985e-01
    7.275157e-01
    7.302627e-01
    7.330138e-01
    7.357730e-01
    7.385323e-01
    7.412956e-01
    7.440630e-01
    7.468346e-01
    7.496143e-01
    7.523940e-01
    7.551777e-01
    7.579697e-01
    7.607617e-01
    7.635618e-01
    7.663660e-01
    7.691702e-01
    7.719826e-01
    7.747991e-01
    7.776197e-01
    7.804443e-01
    7.832731e-01
    7.861100e-01
    7.889469e-01
    7.917920e-01
    7.946371e-01
    7.974904e-01
    8.003478e-01
    8.032092e-01
    8.060748e-01
    8.089444e-01
    8.118181e-01
    8.147000e-01
    8.175819e-01
    8.204720e-01
    8.233661e-01
    8.262644e-01
    8.291708e-01
    8.320772e-01
    8.349918e-01
    8.379064e-01
    8.408291e-01
    8.437560e-01
    8.466910e-01
    8.496261e-01
    8.525693e-01
    8.555166e-01
    8.584679e-01
    8.614234e-01
    8.643871e-01
    8.673548e-01
    8.703266e-01
    8.733025e-01
    8.762825e-01
    8.792707e-01
    8.822629e-01
    8.852593e-01
    8.882597e-01
    8.912683e-01
    8.942810e-01
    8.972978e-01
    9.003228e-01
    9.033518e-01
    9.063850e-01
    9.094222e-01
    9.124676e-01
    9.155171e-01
    9.185707e-01
    9.216324e-01
    9.246942e-01
    9.277682e-01
    9.308422e-01
    9.339244e-01
    9.370107e-01
    9.401051e-01
    9.432037e-01
    9.463063e-01
    9.494130e-01
    9.525279e-01
    9.556510e-01
    9.587740e-01
    9.619053e-01
    9.650447e-01
    9.681882e-01
    9.713358e-01
    9.744875e-01
    9.776474e-01
    9.808154e-01
    9.839875e-01
    9.871637e-01
    9.903481e-01
    9.935366e-01
    9.967291e-01
    9.999299e-01
    1.003139e+00
    1.006348e+00
    1.009569e+00
    1.012794e+00
    1.016024e+00
    1.019261e+00
    1.022503e+00
    1.025752e+00
    1.029006e+00
);

powerLoss
(
    1.043276e-14
    4.137061e-10
    1.590376e-09
    3.487801e-09
    6.081283e-09
    9.345484e-09
    1.326386e-08
    1.781230e-08
    2.296947e-08
    2.873676e-08
    3.510294e-08
    4.202839e-08
    4.951670e-08
    5.754753e-08
    6.608929e-08
    7.518190e-08
    8.479170e-08
    9.494087e-08
    1.055616e-07
    1.166754e-07
    1.282438e-07
    1.403245e-07
    1.528793e-07
    1.658959e-07
    1.793807e-07
    1.933233e-07
    2.076746e-07
    2.225159e-07
    2.377992e-07
    2.535215e-07
    2.697083e-07
    2.862941e-07
    3.033054e-07
    3.207385e-07
    3.384748e-07
    3.567404e-07
    3.754171e-07
    3.944998e-07
    4.142130e-07
    4.341012e-07
    4.543864e-07
    4.750651e-07
    4.958958e-07
    5.173526e-07
    5.391938e-07
    5.614168e-07
    5.840188e-07
    6.070799e-07
    6.304286e-07
    6.541480e-07
    6.782355e-07
    7.026891e-07
    7.273583e-07
    7.525339e-07
    7.780688e-07
    8.039585e-07
    8.302021e-07
    8.568024e-07
    8.838262e-07
    9.111242e-07
    9.387710e-07
    9.667588e-07
    9.950876e-07
    1.023757e-06
    1.052874e-06
    1.082222e-06
    1.111899e-06
    1.141910e-06
    1.172253e-06
    1.202922e-06
    1.233732e-06
    1.265055e-06
    1.296704e-06
    1.328674e-06
    1.360962e-06
    1.393578e-06
    1.425913e-06
    1.459169e-06
    1.492738e-06
    1.526625e-06
    1.560825e-06
    1.595331e-06
    1.630158e-06
    1.666099e-06
    1.701538e-06
    1.737287e-06
    1.773341e-06
    1.809701e-06
    1.846363e-06
    1.883330e-06
    1.920071e-06
    1.957634e-06
    1.995499e-06
    2.033658e-06
    2.072123e-06
    2.110882e-06
    2.149935e-06
    2.188564e-06
    2.228217e-06
    2.268167e-06
    2.308411e-06
    2.348946e-06
    2.389774e-06
    2.430892e-06
    2.472301e-06
    2.514787e-06
    2.556784e-06
    2.599066e-06
    2.641639e-06
    2.684493e-06
    2.727638e-06
    2.771065e-06
    2.814774e-06
    2.858876e-06
    2.903161e-06
    2.947729e-06
    2.992571e-06
    3.037699e-06
    3.083109e-06
    3.128794e-06
    3.174757e-06
    3.221002e-06
    3.268584e-06
    3.315378e-06
    3.362454e-06
    3.409797e-06
    3.457418e-06
    3.505317e-06
    3.553483e-06
    3.601931e-06
    3.650645e-06
    3.696620e-06
    3.745856e-06
    3.795362e-06
    3.845143e-06
    3.895194e-06
    3.945512e-06
    3.996104e-06
    4.046962e-06
    4.098087e-06
    4.152251e-06
    4.203944e-06
    4.255904e-06
    4.308131e-06
    4.360627e-06
    4.413383e-06
    4.466405e-06
    4.519698e-06
    4.573253e-06
    4.627075e-06
    4.681155e-06
    4.735699e-06
    4.790344e-06
    4.845251e-06
    4.900421e-06
    4.955858e-06
    5.011553e-06
    5.067507e-06
    5.123720e-06
    5.180199e-06
    5.236933e-06
    5.296055e-06
    5.353334e-06
    5.410867e-06
    5.468656e-06
    5.526707e-06
    5.585012e-06
    5.643577e-06
    5.702400e-06
    5.761482e-06
    5.820819e-06
    5.880422e-06
    5.940248e-06
    5.998151e-06
    6.058550e-06
    6.119172e-06
    6.180061e-06
    6.241169e-06
    6.302583e-06
    6.364224e-06
    6.426125e-06
    6.488291e-06
    6.550677e-06
    6.613369e-06
    6.676245e-06
    6.747087e-06
    6.810567e-06
    6.874270e-06
    6.938232e-06
    7.002460e-06
    7.066947e-06
    7.131658e-06
    7.196627e-06
    7.261823e-06
    7.327278e-06
    7.392992e-06
    7.458969e-06
    7.525168e-06
    7.579167e-06
    7.645762e-06
    7.712656e-06
    7.779769e-06
    7.847145e-06
    7.914744e-06
    7.982602e-06
    8.050719e-06
    8.119059e-06
    8.187696e-06
    8.256515e-06
    8.325635e-06
    8.394974e-06
    8.464572e-06
    8.534390e-06
    8.604470e-06
    8.674770e-06
    8.745368e-06
    8.816185e-06
    8.887222e-06
    8.958517e-06
    9.030075e-06
    9.101848e-06
    9.173881e-06
    9.246176e-06
    9.318686e-06
    9.391459e-06
    9.464448e-06
    9.537695e-06
    9.611166e-06
    9.684931e-06
    9.758876e-06
    9.833119e-06
    9.907542e-06
    9.982263e-06
    1.005720e-05
    1.013240e-05
    1.020781e-05
    1.028345e-05
    1.035938e-05
    1.043549e-05
    1.051190e-05
    1.058852e-05
    1.066537e-05
    1.074247e-05
    1.081983e-05
    1.089741e-05
    1.097524e-05
    1.105330e-05
    1.113157e-05
    1.121013e-05
    1.128888e-05
    1.136793e-05
    1.144715e-05
    1.152667e-05
    1.160636e-05
    1.168636e-05
    1.176657e-05
    1.184700e-05
    1.192768e-05
    1.200859e-05
    1.208975e-05
    1.217113e-05
    1.225277e-05
    1.233462e-05
    1.241673e-05
    1.249906e-05
    1.258165e-05
    1.266444e-05
    1.274750e-05
    1.283078e-05
    1.291431e-05
    1.299807e-05
    1.308203e-05
    1.316626e-05
    1.325074e-05
    1.333544e-05
    1.342036e-05
    1.350553e-05
    1.359092e-05
    1.367657e-05
    1.376243e-05
    1.384855e-05
    1.393489e-05
    1.402144e-05
    1.410825e-05
    1.419532e-05
    1.428261e-05
    1.437011e-05
    1.445787e-05
    1.454585e-05
    1.463404e-05
    1.472249e-05
    1.481116e-05
    1.490008e-05
    1.498926e-05
    1.507862e-05
    1.516823e-05
    1.525810e-05
    1.534819e-05
    1.543850e-05
    1.552902e-05
);

rateCoefficients
(
    (0.000000e+00 0.000000e+00)
    (4.498520e-19 2.070800e-17)
    (7.033120e-18 7.359680e-17)
    (2.240600e-17 1.334020e-16)
    (4.596360e-17 1.993980e-16)
    (7.704350e-17 2.716740e-16)
    (1.151310e-16 3.503490e-16)
    (1.597320e-16 4.352010e-16)
    (2.104360e-16 5.260240e-16)
    (2.670370e-16 6.229650e-16)
    (3.292330e-16 7.258830e-16)
    (3.965830e-16 8.341680e-16)
    (4.689320e-16 9.478820e-16)
    (5.460140e-16 1.066820e-15)
    (6.274170e-16 1.190510e-15)
    (7.133940e-16 1.319480e-15)
    (8.035550e-16 1.453250e-15)
    (8.979040e-16 1.592020e-15)
    (9.959580e-16 1.735010e-15)
    (1.097740e-15 1.882420e-15)
    (1.202850e-15 2.033710e-15)
    (1.311710e-15 2.189630e-15)
    (1.423920e-15 2.349630e-15)
    (1.539220e-15 2.513420e-15)
    (1.657810e-15 2.681270e-15)
    (1.779450e-15 2.852920e-15)
    (1.903590e-15 3.027630e-15)
    (2.031010e-15 3.206550e-15)
    (2.161200e-15 3.388990e-15)
    (2.294070e-15 3.574850e-15)
    (2.429570e-15 3.764100e-15)
    (2.567550e-15 3.956550e-15)
    (2.707980e-15 4.152180e-15)
    (2.850780e-15 4.350920e-15)
    (2.994960e-15 4.551350e-15)
    (3.142290e-15 4.756080e-15)
    (3.291790e-15 4.963700e-15)
    (3.443400e-15 5.174130e-15)
    (3.598140e-15 5.389030e-15)
    (3.753760e-15 5.604850e-15)
    (3.911300e-15 5.823290e-15)
    (4.070710e-15 6.044280e-15)
    (4.230110e-15 6.265120e-15)
    (4.393090e-15 6.491010e-15)
    (4.557760e-15 6.719270e-15)
    (4.724100e-15 6.949830e-15)
    (4.892040e-15 7.182630e-15)
    (5.061370e-15 7.417490e-15)
    (5.232350e-15 7.654570e-15)
    (5.404820e-15 7.893740e-15)
    (5.578710e-15 8.134940e-15)
    (5.753980e-15 8.378120e-15)
    (5.928990e-15 8.621010e-15)
    (6.106900e-15 8.867980e-15)
    (6.286080e-15 9.116790e-15)
    (6.466500e-15 9.367380e-15)
    (6.648110e-15 9.619720e-15)
    (6.830880e-15 9.873750e-15)
    (7.014520e-15 1.012920e-14)
    (7.199530e-15 1.038650e-14)
    (7.385590e-15 1.064540e-14)
    (7.572680e-15 1.090580e-14)
    (7.760770e-15 1.116770e-14)
    (7.949830e-15 1.143110e-14)
    (8.139190e-15 1.169510e-14)
    (8.330080e-15 1.196120e-14)
    (8.521860e-15 1.222870e-14)
    (8.714500e-15 1.249750e-14)
    (8.907970e-15 1.276750e-14)
    (9.102250e-15 1.303880e-14)
    (9.294680e-15 1.330780e-14)
    (9.490470e-15 1.358140e-14)
    (9.687000e-15 1.385620e-14)
    (9.884240e-15 1.413200e-14)
    (1.008220e-14 1.440900e-14)
    (1.028080e-14 1.468700e-14)
    (1.047510e-14 1.495910e-14)
    (1.067500e-14 1.523920e-14)
    (1.087550e-14 1.552020e-14)
    (1.107660e-14 1.580220e-14)
    (1.127830e-14 1.608510e-14)
    (1.148060e-14 1.636890e-14)
    (1.168340e-14 1.665350e-14)
    (1.188830e-14 1.694150e-14)
    (1.209210e-14 1.722770e-14)
    (1.229630e-14 1.751470e-14)
    (1.250100e-14 1.780250e-14)
    (1.270620e-14 1.809100e-14)
    (1.291180e-14 1.838030e-14)
    (1.311780e-14 1.867020e-14)
    (1.331820e-14 1.895270e-14)
    (1.352490e-14 1.924390e-14)
    (1.373210e-14 1.953570e-14)
    (1.393960e-14 1.982820e-14)
    (1.414750e-14 2.012120e-14)
    (1.435570e-14 2.041480e-14)
    (1.456420e-14 2.070900e-14)
    (1.476580e-14 2.099380e-14)
    (1.497500e-14 2.128910e-14)
    (1.518450e-14 2.158490e-14)
    (1.539430e-14 2.188120e-14)
    (1.560430e-14 2.217790e-14)
    (1.581460e-14 2.247520e-14)
    (1.602510e-14 2.277280e-14)
    (1.623590e-14 2.307090e-14)
    (1.644630e-14 2.336880e-14)
    (1.665750e-14 2.366760e-14)
    (1.686890e-14 2.396690e-14)
    (1.708050e-14 2.426650e-14)
    (1.729230e-14 2.456640e-14)
    (1.750430e-14 2.486670e-14)
    (1.771640e-14 2.516720e-14)
    (1.792870e-14 2.546810e-14)
    (1.813630e-14 2.576270e-14)
    (1.834880e-14 2.606420e-14)
    (1.856160e-14 2.636580e-14)
    (1.877440e-14 2.666780e-14)
    (1.898730e-14 2.696990e-14)
    (1.920040e-14 2.727230e-14)
    (1.941350e-14 2.757490e-14)
    (1.962680e-14 2.787760e-14)
    (1.984010e-14 2.818060e-14)
    (2.005120e-14 2.848040e-14)
    (2.026460e-14 2.878360e-14)
    (2.047810e-14 2.908690e-14)
    (2.069160e-14 2.939040e-14)
    (2.090520e-14 2.969390e-14)
    (2.111880e-14 2.999770e-14)
    (2.133240e-14 3.030150e-14)
    (2.154610e-14 3.060540e-14)
    (2.175980e-14 3.090940e-14)
    (2.195160e-14 3.118270e-14)
    (2.216530e-14 3.148670e-14)
    (2.237890e-14 3.179070e-14)
    (2.259260e-14 3.209490e-14)
    (2.280620e-14 3.239900e-14)
    (2.301990e-14 3.270320e-14)
    (2.323350e-14 3.300740e-14)
    (2.344720e-14 3.331160e-14)
    (2.366070e-14 3.361580e-14)
    (2.387600e-14 3.392210e-14)
    (2.408950e-14 3.422630e-14)
    (2.430300e-14 3.453050e-14)
    (2.451650e-14 3.483460e-14)
    (2.472990e-14 3.513870e-14)
    (2.494320e-14 3.544280e-14)
    (2.515650e-14 3.574680e-14)
    (2.536970e-14 3.605070e-14)
    (2.558290e-14 3.635460e-14)
    (2.579590e-14 3.665840e-14)
    (2.600890e-14 3.696210e-14)
    (2.621010e-14 3.724950e-14)
    (2.642300e-14 3.755310e-14)
    (2.663580e-14 3.785660e-14)
    (2.684860e-14 3.816000e-14)
    (2.706120e-14 3.846330e-14)
    (2.727370e-14 3.876650e-14)
    (2.748610e-14 3.906950e-14)
    (2.769840e-14 3.937240e-14)
    (2.791060e-14 3.967510e-14)
    (2.812270e-14 3.997770e-14)
    (2.832750e-14 4.027090e-14)
    (2.853930e-14 4.057310e-14)
    (2.875090e-14 4.087520e-14)
    (2.896250e-14 4.117700e-14)
    (2.917390e-14 4.147870e-14)
    (2.938520e-14 4.178020e-14)
    (2.959630e-14 4.208150e-14)
    (2.980730e-14 4.238260e-14)
    (3.001820e-14 4.268350e-14)
    (3.022880e-14 4.298420e-14)
    (3.043940e-14 4.328470e-14)
    (3.064980e-14 4.358500e-14)
    (3.083470e-14 4.384680e-14)
    (3.104480e-14 4.414670e-14)
    (3.125470e-14 4.444630e-14)
    (3.146450e-14 4.474570e-14)
    (3.167410e-14 4.504480e-14)
    (3.188350e-14 4.534370e-14)
    (3.209280e-14 4.564240e-14)
    (3.230190e-14 4.594080e-14)
    (3.251080e-14 4.623890e-14)
    (3.271950e-14 4.653680e-14)
    (3.292800e-14 4.683440e-14)
    (3.313640e-14 4.713170e-14)
    (3.334840e-14 4.743610e-14)
    (3.355640e-14 4.773290e-14)
    (3.376420e-14 4.802940e-14)
    (3.397180e-14 4.832550e-14)
    (3.417910e-14 4.862150e-14)
    (3.438630e-14 4.891710e-14)
    (3.459330e-14 4.921240e-14)
    (3.480010e-14 4.950740e-14)
    (3.500670e-14 4.980210e-14)
    (3.521310e-14 5.009650e-14)
    (3.541920e-14 5.039060e-14)
    (3.562520e-14 5.068430e-14)
    (3.583090e-14 5.097780e-14)
    (3.597470e-14 5.118060e-14)
    (3.617990e-14 5.147320e-14)
    (3.638480e-14 5.176540e-14)
    (3.658960e-14 5.205740e-14)
    (3.679410e-14 5.234900e-14)
    (3.699840e-14 5.264030e-14)
    (3.720240e-14 5.293120e-14)
    (3.740630e-14 5.322180e-14)
    (3.760990e-14 5.351200e-14)
    (3.781330e-14 5.380190e-14)
    (3.801650e-14 5.409150e-14)
    (3.821940e-14 5.438070e-14)
    (3.842210e-14 5.466960e-14)
    (3.862460e-14 5.495810e-14)
    (3.882690e-14 5.524630e-14)
    (3.902890e-14 5.553410e-14)
    (3.923070e-14 5.582150e-14)
    (3.943220e-14 5.610860e-14)
    (3.963350e-14 5.639530e-14)
    (3.983460e-14 5.668160e-14)
    (4.003540e-14 5.696760e-14)
    (4.023600e-14 5.725320e-14)
    (4.043630e-14 5.753840e-14)
    (4.063640e-14 5.782320e-14)
    (4.083620e-14 5.810770e-14)
    (4.103580e-14 5.839180e-14)
    (4.123520e-14 5.867550e-14)
    (4.143430e-14 5.895880e-14)
    (4.163310e-14 5.924170e-14)
    (4.183170e-14 5.952430e-14)
    (4.203010e-14 5.980650e-14)
    (4.222820e-14 6.008820e-14)
    (4.242600e-14 6.036960e-14)
    (4.262360e-14 6.065060e-14)
    (4.282090e-14 6.093120e-14)
    (4.301800e-14 6.121140e-14)
    (4.321480e-14 6.149110e-14)
    (4.341140e-14 6.177050e-14)
    (4.360770e-14 6.204950e-14)
    (4.380370e-14 6.232810e-14)
    (4.399950e-14 6.260630e-14)
    (4.419500e-14 6.288400e-14)
    (4.439030e-14 6.316140e-14)
    (4.458530e-14 6.343840e-14)
    (4.478000e-14 6.371490e-14)
    (4.497440e-14 6.399100e-14)
    (4.516860e-14 6.426680e-14)
    (4.536260e-14 6.454210e-14)
    (4.555620e-14 6.481700e-14)
    (4.574960e-14 6.509140e-14)
    (4.594280e-14 6.536550e-14)
    (4.613560e-14 6.563910e-14)
    (4.632820e-14 6.591240e-14)
    (4.652050e-14 6.618520e-14)
    (4.671260e-14 6.645750e-14)
    (4.690440e-14 6.672950e-14)
    (4.709590e-14 6.700100e-14)
    (4.728710e-14 6.727220e-14)
    (4.747810e-14 6.754280e-14)
    (4.766880e-14 6.781310e-14)
    (4.785920e-14 6.808290e-14)
    (4.804940e-14 6.835230e-14)
    (4.823930e-14 6.862130e-14)
    (4.842890e-14 6.888990e-14)
    (4.861820e-14 6.915800e-14)
    (4.880720e-14 6.942570e-14)
    (4.899600e-14 6.969300e-14)
    (4.918450e-14 6.995980e-14)
    (4.937270e-14 7.022620e-14)
    (4.956070e-14 7.049220e-14)
    (4.974840e-14 7.075770e-14)
    (4.993580e-14 7.102280e-14)
    (5.012290e-14 7.128750e-14)
    (5.030970e-14 7.155170e-14)
    (5.049630e-14 7.181550e-14)
    (5.068260e-14 7.207890e-14)
    (5.086860e-14 7.234180e-14)
    (5.105430e-14 7.260430e-14)
    (5.123970e-14 7.286630e-14)
    (5.142490e-14 7.312790e-14)
    (5.160980e-14 7.338910e-14)
    (5.179440e-14 7.364990e-14)
    (5.197870e-14 7.391010e-14)
    (5.216270e-14 7.417000e-14)
    (5.234650e-14 7.442940e-14)
    (5.253000e-14 7.468840e-14)
    (5.271320e-14 7.494700e-14)
    (5.289610e-14 7.520510e-14)
    (5.307880e-14 7.546270e-14)
    (5.326110e-14 7.571990e-14)
    (5.344320e-14 7.597670e-14)
    (5.362500e-14 7.623310e-14)
    (5.380650e-14 7.648900e-14)
    (5.398770e-14 7.674440e-14)
    (5.416870e-14 7.699940e-14)
    (5.434930e-14 7.725400e-14)
    (5.452970e-14 7.750820e-14)
    (5.470980e-14 7.776190e-14)
    (5.488960e-14 7.801510e-14)
    (5.506920e-14 7.826790e-14)
    (5.524840e-14 7.852030e-14)
    (5.542740e-14 7.877220e-14)
);
